# Galmuri7 (c) 2019-2025 Lee Minseo (quiple), SIL Open Font License 1.1 - cp adv w h xoff yoff hexrows
32 3 0 0 0 0 -
33 2 1 7 0 0 80808080800080
34 4 3 2 0 5 A0A0
35 6 5 7 0 0 50F85050F85050
36 6 5 7 0 0 2078A07028F020
37 6 5 7 0 0 40A8502050A810
38 6 5 7 0 0 40A0A040A89068
39 2 1 2 0 5 8080
40 3 2 7 0 0 40808080808040
41 3 2 7 0 0 80404040404080
42 6 5 7 0 0 20A8702070A820
43 6 5 5 0 1 2020F82020
44 3 2 2 0 -1 4080
45 4 3 1 0 3 E0
46 2 1 1 0 0 80
47 4 3 7 0 0 20204040408080
48 5 4 7 0 0 60909090909060
49 4 2 7 0 0 C0404040404040
50 5 4 7 0 0 E01010608080F0
51 5 4 7 0 0 E01010601010E0
52 5 4 7 0 0 90909090701010
53 5 4 7 0 0 F08080E01010E0
54 5 4 7 0 0 608080E0909060
55 5 4 7 0 0 F0101020404040
56 5 4 7 0 0 60909060909060
57 5 4 7 0 0 60909070101060
58 4 1 4 1 1 80000080
59 4 2 5 0 0 4000004080
60 4 3 5 0 1 2040804020
61 5 4 3 0 2 F000F0
62 4 3 5 0 1 8040204080
63 5 4 7 0 0 E0102040400040
64 7 6 7 0 0 304898A8904438
65 5 4 7 0 0 609090F0909090
66 5 4 7 0 0 E09090E09090E0
67 5 4 7 0 0 70808080808070
68 5 4 7 0 0 E09090909090E0
69 4 3 7 0 0 E08080E08080E0
70 4 3 7 0 0 E08080E0808080
71 5 4 7 0 0 708080B0909060
72 5 4 7 0 0 909090F0909090
73 2 1 7 0 0 80808080808080
74 4 3 7 0 0 202020202020C0
75 5 4 7 0 0 90A0A0C0A0A090
76 4 3 7 0 0 808080808080E0
77 6 5 7 0 0 88D8D8A8A88888
78 5 4 7 0 0 90D0D0B0B09090
79 5 4 7 0 0 60909090909060
80 5 4 7 0 0 E09090E0808080
81 5 4 7 0 0 6090909090A050
82 5 4 7 0 0 E09090E0A09090
83 5 4 7 0 0 708080601010E0
84 6 5 7 0 0 F8202020202020
85 5 4 7 0 0 90909090909060
86 6 5 7 0 0 88885050502020
87 6 5 7 0 0 88A8A8A8505050
88 6 5 7 0 0 88505020505088
89 6 5 7 0 0 88505020202020
90 5 4 7 0 0 F01020604080F0
91 3 2 7 0 0 C08080808080C0
92 4 3 7 0 0 80804040402020
93 3 2 7 0 0 C04040404040C0
94 4 3 2 0 5 40A0
95 5 4 1 0 0 F0
96 3 2 2 0 5 8040
97 5 4 5 0 0 E010709070
98 5 4 7 0 0 8080E0909090E0
99 5 4 5 0 0 7080808070
100 5 4 7 0 0 10107090909070
101 5 4 5 0 0 6090F08070
102 4 3 7 0 0 2040E040404040
103 5 4 6 0 -1 7090907010E0
104 5 4 7 0 0 8080E090909090
105 2 1 7 0 0 80008080808080
106 4 3 8 0 -1 20002020202020C0
107 5 4 7 0 0 808090A0C0A090
108 3 2 7 0 0 80808080808040
109 6 5 5 0 0 F0A8A8A8A8
110 5 4 5 0 0 E090909090
111 5 4 5 0 0 6090909060
112 5 4 6 0 -1 E09090E08080
113 5 4 6 0 -1 709090701010
114 4 3 5 0 0 A0C0808080
115 5 4 5 0 0 70806010E0
116 4 3 6 0 0 40E040404020
117 5 4 5 0 0 9090909070
118 6 5 5 0 0 8888505020
119 6 5 5 0 0 88A8A85050
120 6 5 5 0 0 8850205088
121 5 4 6 0 -1 9090907010E0
122 5 4 5 0 0 F0106080F0
123 4 3 7 0 0 20404080404020
124 2 1 7 0 0 80808080808080
125 4 3 7 0 0 80404020404080
126 7 6 2 0 3 6498
160 3 0 0 0 0 -
183 2 1 1 0 3 80
8216 3 2 2 0 5 4080
8217 3 2 2 0 5 4080
8220 5 4 2 0 5 50A0
8221 5 4 2 0 5 50A0
8230 8 5 1 1 3 A8
8251 8 7 7 0 0 92442892284492
8592 8 7 5 0 1 2040FE4020
8593 8 5 7 1 0 2070A820202020
8594 8 7 5 0 1 0804FE0408
8595 8 5 7 1 0 20202020A87020
9632 8 7 7 0 0 FEFEFEFEFEFEFE
9633 8 7 7 0 0 FE8282828282FE
9650 8 7 7 0 0 1038387C7CFEFE
9654 8 7 7 0 0 C0F0FCFEFCF0C0
9660 8 7 7 0 0 FEFE7C7C383810
9664 8 7 7 0 0 061E7EFE7E1E06
9670 8 7 7 0 0 10387CFE7C3810
9671 8 7 7 0 0 10284482442810
9675 8 7 7 0 0 38448282824438
9679 8 7 7 0 0 387CFEFEFE7C38
9733 8 7 7 0 0 1010FE7C382844
9734 8 7 7 0 0 1010EE44382844
9825 8 7 7 0 0 6C928282442810
9829 8 7 7 0 0 6CFEFEFE7C3810
12300 4 3 4 0 3 E0808080
12301 4 3 4 0 0 202020E0
12302 4 3 4 0 3 E0E0C0C0
12303 4 3 4 0 0 6060E0E0
12593 8 5 5 1 1 F808080808
12594 8 5 5 1 1 F828282828
12595 8 5 5 1 1 F808080808
12596 8 5 5 1 1 80808080F8
12597 8 7 5 0 1 8E84848AEA
12598 8 7 6 0 1 048E848A8AE4
12599 8 5 5 1 1 F8808080F8
12600 8 5 5 1 1 F8A0A0A0F8
12601 8 5 5 1 1 F808F880F8
12602 8 7 5 0 1 EE22E282E2
12603 8 7 5 0 1 EE2AEA8AEE
12604 8 7 5 0 1 EA2AEE8AEE
12605 8 7 5 0 1 E424EA8AEA
12606 8 7 5 0 1 EE28EE88EE
12607 8 7 5 0 1 FE20EC8CFE
12608 8 7 6 0 1 04EE24EA8AE4
12609 8 5 5 1 1 F8888888F8
12610 8 5 5 1 1 8888F888F8
12611 8 7 5 0 1 AAAAEEAAEE
12612 8 7 5 0 1 A4A4EAAAEA
12613 8 5 5 1 1 2020505088
12614 8 7 5 0 1 2828545492
12615 8 5 5 1 1 7088888870
12616 8 5 5 1 1 F820505088
12617 8 7 5 0 1 FE28545492
12618 8 5 6 1 1 20F820505088
12619 8 5 5 1 1 F808F80808
12620 8 5 5 1 1 F880F880F8
12621 8 5 5 1 1 F8505050F8
12622 8 5 6 1 1 20F870888870
12623 8 3 7 2 0 808080E0808080
12624 8 3 7 2 0 A0A0A0E0A0A0A0
12625 8 3 7 2 0 8080E080E08080
12626 8 3 7 2 0 A0A0E0A0E0A0A0
12627 8 3 7 2 0 202020E0202020
12628 8 5 7 1 0 282828E8282828
12629 8 3 7 2 0 2020E020E02020
12630 8 5 7 1 0 2828E828E82828
12631 8 7 3 0 2 1010FE
12632 8 7 7 0 0 0404044644F404
12633 8 7 7 0 0 0A0A0A4E4AFA0A
12634 8 6 7 0 0 0404044444F404
12635 8 7 3 0 2 2828FE
12636 8 7 3 0 2 FE1010
12637 8 6 7 0 0 040404F44C4444
12638 8 7 7 0 0 0A0A0AEA5A4A4A
12639 8 6 7 0 0 040404F4444444
12640 8 7 3 0 2 FE2828
12641 8 7 1 0 3 FE
12642 8 6 7 0 0 0404040404F404
12643 8 1 7 3 0 80808080808080
12644 8 0 0 0 0 -
44032 8 7 7 0 0 E4242446448404
44033 8 7 7 0 0 E4264484007C04
44036 8 7 7 0 0 E424468404407C
44039 8 7 7 0 0 E42644847C407C
44040 8 7 7 0 0 E426C47C1C607C
44041 8 7 7 0 0 E426C47C344474
44042 8 7 7 0 0 E426C47C34547C
44048 8 7 7 0 0 E42644847C447C
44049 8 7 7 0 0 E4264484447C7C
44050 8 7 7 0 0 E426448054747A
44051 8 7 7 0 0 E4264484102844
44052 8 7 7 0 0 E4264484282854
44053 8 7 7 0 0 E4264484384438
44054 8 7 7 0 0 E42644847C2844
44055 8 7 7 0 0 E42644947C2844
44057 8 7 7 0 0 E42644FC78407C
44058 8 7 7 0 0 E42644847C287C
44059 8 7 7 0 0 E42644947C2810
44060 8 7 7 0 0 EA2A2A4E4A8A0A
44061 8 7 7 0 0 EA2E4A8A007E02
44064 8 7 7 0 0 EA2A4E8A4A407E
44068 8 7 7 0 0 EA2ECA7E1E607E
44076 8 7 7 0 0 EA2E4A8A7E427E
44077 8 7 7 0 0 EA2E4A8A427E7E
44079 8 7 7 0 0 EA2E4A8A102844
44080 8 7 7 0 0 EA2E4A82282854
44081 8 7 7 0 0 EA2E4A8A3C423C
44088 8 7 7 0 0 E4262444468404
44089 8 7 7 0 0 E4264486047C04
44092 8 7 7 0 0 E426448644407C
44096 8 7 7 0 0 E624C67C1C607C
44107 8 7 7 0 0 E4264486142844
44109 8 7 7 0 0 E4264486384438
44116 8 7 7 0 0 EA2E2A4A4E8A0A
44120 8 7 7 0 0 EA2E4A8E4A407E
44124 8 7 7 0 0 EE2ACE7A1E607E
44144 8 6 7 0 0 E4243C44448404
44145 8 6 7 0 0 E43C4484007C04
44148 8 6 7 0 0 E43C448404407C
44151 8 6 7 0 0 E43C44847C407C
44152 8 6 7 0 0 E43CC47C1C607C
44154 8 6 7 0 0 E43CC47C34547C
44160 8 6 7 0 0 E43C44847C447C
44161 8 6 7 0 0 E43C4484447C7C
44163 8 6 7 0 0 E43C4484102844
44164 8 6 7 0 0 E43C4484282854
44165 8 6 7 0 0 E43C4484384438
44166 8 6 7 0 0 E43C44847C2844
44169 8 6 7 0 0 E43CC47C78407C
44170 8 6 7 0 0 E43C44847C287C
44171 8 6 7 0 0 E43C44947C2810
44172 8 7 7 0 0 EA2A3A4A4A8A0A
44176 8 7 7 0 0 EA3A4A8A4A407E
44180 8 7 7 0 0 EA3ACA7E1E607E
44188 8 7 7 0 0 EA3A4A8A7E427E
44189 8 7 7 0 0 EA3A4A8A427E7E
44191 8 7 7 0 0 EA3A4A8A102844
44192 8 7 7 0 0 EA3A4A82282854
44193 8 7 7 0 0 EA3A4A8A3C423C
44200 8 6 7 0 0 E43C245C448404
44201 8 6 7 0 0 E42C448C047C04
44202 8 6 7 0 0 E42C448C047C14
44204 8 6 7 0 0 E42C448C44407C
44207 8 6 7 0 0 EC244C847C407C
44208 8 6 7 0 0 EC24CC741C607C
44216 8 6 7 0 0 EC244C847C447C
44217 8 6 7 0 0 EC244C84447C7C
44219 8 6 7 0 0 EC244C84102844
44220 8 6 7 0 0 EC244C84282854
44221 8 6 7 0 0 EC244C84384438
44225 8 6 7 0 0 EC24CC7478407C
44228 8 7 7 0 0 EA3A2A4A5A8A0A
44232 8 7 7 0 0 EA3A4A9A4A407E
44236 8 7 7 0 0 FA2ADA6A1E607E
44245 8 7 7 0 0 FA2A5A8A427E7E
44247 8 7 7 0 0 FA2A5A8A102844
44256 8 7 6 0 1 7C04041410FE
44257 8 7 7 0 0 7C0414FE007C04
44260 8 7 7 0 0 7C0414FE00407C
44263 8 7 7 0 0 7C0414FE7C407C
44264 8 7 7 0 0 7C0414FE1C607C
44266 8 7 7 0 0 7C0414FE34547C
44268 8 7 7 0 0 7C0414FE34447A
44271 8 7 7 0 0 7C0414FE3E4A74
44272 8 7 7 0 0 7C0414FE7C447C
44273 8 7 7 0 0 7C0414FE447C7C
44275 8 7 7 0 0 7C0414FE102844
44277 8 7 7 0 0 7C0414FE384438
44278 8 7 7 0 0 7C0414FE7C2844
44284 8 7 7 0 0 F414145644FC04
44285 8 7 7 0 0 F41654FC007C04
44288 8 7 7 0 0 F41456FC04407C
44292 8 7 7 0 0 F41654FC1C607C
44294 8 7 7 0 0 F41654FC3C547C
44300 8 7 7 0 0 F41654FC7C447C
44301 8 7 7 0 0 F41654FC447C7C
44303 8 7 7 0 0 F41654FC102844
44305 8 7 7 0 0 F41654FC384438
44312 8 7 7 0 0 EA2A2A4E4AFA0A
44316 8 7 7 0 0 EA2A4EFA0A407E
44320 8 7 7 0 0 EA2E4AFE1E607E
44329 8 7 7 0 0 EA2E4AFA427E7E
44332 8 7 7 0 0 EA2E4AFA282854
44333 8 7 7 0 0 EA2E4AFA3C423C
44340 8 6 7 0 0 F414145444FC04
44341 8 6 7 0 0 F41454FC007C04
44344 8 6 7 0 0 F41454FC04407C
44348 8 6 7 0 0 F41454FC1C607C
44356 8 6 7 0 0 F41454FC7C447C
44357 8 6 7 0 0 F41454FC447C7C
44359 8 6 7 0 0 F41454FC102844
44361 8 6 7 0 0 F41454FC384438
44368 8 7 6 0 1 7C04042828FE
44372 8 7 7 0 0 7C0428FE00407C
44376 8 7 7 0 0 7C0428FE1C607C
44385 8 7 7 0 0 7C0428FE447C7C
44387 8 7 7 0 0 7C0428FE102844
44396 8 7 7 0 0 7C0404FE101010
44397 8 7 7 0 0 7C0404FE107C04
44400 8 7 7 0 0 7C0404FE10407C
44403 8 7 7 0 0 7C04FE107C407C
44404 8 7 7 0 0 7C04FE1078103C
44405 8 7 7 0 0 7C04FE107C2474
44406 8 7 7 0 0 7C04FE107C347C
44411 8 7 7 0 0 7C04FE107E2A74
44412 8 7 7 0 0 7C04FE107C447C
44413 8 7 7 0 0 7C04FE10447C7C
44415 8 7 7 0 0 7C04FE10102844
44417 8 7 7 0 0 7C04FE10384438
44418 8 7 7 0 0 7C04FE107C2844
44424 8 6 7 0 0 F41414FC242C24
44425 8 6 7 0 0 F414F42C247C04
44428 8 6 7 0 0 F414F42C24407C
44432 8 6 7 0 0 F414F42C78103C
44444 8 6 7 0 0 F414F44C282854
44445 8 6 7 0 0 F414F42C384438
44452 8 7 7 0 0 EA2A2AFA4A5A4A
44471 8 7 7 0 0 EA2AEA5A102844
44480 8 6 7 0 0 F41414FC242424
44481 8 6 7 0 0 F41414FC207C04
44484 8 6 7 0 0 F41414FC24407C
44488 8 6 7 0 0 F414FC2478103C
44496 8 6 7 0 0 F414FC207C447C
44497 8 6 7 0 0 F414FC20447C7C
44499 8 6 7 0 0 F414FC24102844
44508 8 7 7 0 0 7C0404FE282828
44512 8 7 7 0 0 7C0404FE28407C
44516 8 7 7 0 0 7C04FE2878103C
44536 8 7 6 0 1 7C04040400FE
44537 8 7 7 0 0 7C0404FE007C04
44540 8 7 7 0 0 7C0404FE00407C
44543 8 7 7 0 0 7C04FE007C407C
44544 8 7 7 0 0 7C04FE7C1C607C
44545 8 7 7 0 0 7C04FE7C344474
44552 8 7 7 0 0 7C04FE007C447C
44553 8 7 7 0 0 7C04FE00447C7C
44555 8 7 7 0 0 7C04FE00102844
44557 8 7 7 0 0 7C04FE00384438
44564 8 6 7 0 0 F414141404FC04
44592 8 6 7 0 0 E4242444448404
44593 8 6 7 0 0 E4244484007C04
44596 8 6 7 0 0 E424448404407C
44599 8 6 7 0 0 E42444847C407C
44600 8 6 7 0 0 E424C47C1C607C
44602 8 6 7 0 0 E424C47C34547C
44608 8 6 7 0 0 E42444847C447C
44609 8 6 7 0 0 E4244484447C7C
44611 8 6 7 0 0 E4244484102844
44613 8 6 7 0 0 E4244484384438
44614 8 6 7 0 0 E42444847C2844
44618 8 6 7 0 0 E42444847C287C
44620 8 7 7 0 0 F454545654A404
44621 8 7 7 0 0 F45654A4007C04
44622 8 7 7 0 0 F45654A4007C14
44624 8 7 7 0 0 F45456A404407C
44628 8 7 7 0 0 F456A47C1C607C
44630 8 7 7 0 0 F456A47C34547C
44636 8 7 7 0 0 F45654A47C447C
44637 8 7 7 0 0 F45654A4447C7C
44639 8 7 7 0 0 F45654A4102844
44640 8 7 7 0 0 F45654A4282854
44641 8 7 7 0 0 F45654A4384438
44645 8 7 7 0 0 F456A47C78407C
44648 8 7 7 0 0 FA5A5A5E5AAA0A
44649 8 7 7 0 0 FA5E5AAA007E02
44652 8 7 7 0 0 FA5A5EAA0A407E
44656 8 7 7 0 0 FA5EAA7E1E607E
44664 8 7 7 0 0 FA5E5AAA7E427E
44665 8 7 7 0 0 FA5E5AAA427E7E
44667 8 7 7 0 0 FA5E5AAA102844
44668 8 7 7 0 0 FA5E5AAA002854
44669 8 7 7 0 0 FA5E5AAA3C423C
44676 8 7 7 0 0 F456545456A404
44677 8 7 7 0 0 F45654A6047C04
44684 8 7 7 0 0 F654A67C1C607C
44732 8 6 7 0 0 F4545C5454A404
44733 8 6 7 0 0 F45C54A4007C04
44734 8 6 7 0 0 F45C54A4007C14
44736 8 6 7 0 0 F45C54A404407C
44740 8 6 7 0 0 F45CA47C1C607C
44748 8 6 7 0 0 F45C54A47C447C
44749 8 6 7 0 0 F45C54A4447C7C
44751 8 6 7 0 0 F45C54A4102844
44752 8 6 7 0 0 F45C54A4282854
44753 8 6 7 0 0 F45C54A4384438
44760 8 7 7 0 0 F6565E5656A606
44761 8 7 7 0 0 F65E56A6007E02
44764 8 7 7 0 0 F65E56A606407E
44776 8 7 7 0 0 F65E56A67E427E
44779 8 7 7 0 0 F65E56A6102844
44781 8 7 7 0 0 F65E56A63C423C
44788 8 6 7 0 0 F45C54545CA404
44792 8 6 7 0 0 F45C54AC04407C
44796 8 6 7 0 0 FC54AC741C607C
44807 8 6 7 0 0 FC545CA4102844
44808 8 6 7 0 0 FC545CA4282854
44813 8 6 7 0 0 FC54AC7478407C
44816 8 7 7 0 0 F65E56565EA606
44844 8 7 6 0 1 FC24241010FE
44845 8 7 7 0 0 7C2410FE007C04
44848 8 7 7 0 0 7C2410FE00407C
44850 8 7 7 0 0 7C2410FE044A74
44852 8 7 7 0 0 7C2410FE1C607C
44860 8 7 7 0 0 7C2410FE7C447C
44861 8 7 7 0 0 7C2410FE447C7C
44863 8 7 7 0 0 7C2410FE102844
44865 8 7 7 0 0 7C2410FE384438
44866 8 7 7 0 0 7C2410FE7C2844
44867 8 7 7 0 0 7C2410FE107C28
44872 8 7 7 0 0 F454542624FC04
44873 8 7 7 0 0 F45624FC007C04
44880 8 7 7 0 0 F45624FC1C607C
44892 8 7 7 0 0 F45624FC282854
44893 8 7 7 0 0 F45624FC384438
44900 8 7 7 0 0 FA5A5A2E2AFA0A
44901 8 7 7 0 0 FA5E2AFA007E02
44921 8 7 7 0 0 FA5E2AFA3C423C
44928 8 6 7 0 0 F454542424FC04
44932 8 6 7 0 0 F45424FC04407C
44936 8 6 7 0 0 F45424FC1C607C
44944 8 6 7 0 0 F45424FC7C447C
44945 8 6 7 0 0 F45424FC447C7C
44949 8 6 7 0 0 F45424FC384438
44956 8 7 6 0 1 FC24244848FE
44984 8 7 7 0 0 FC2424FE101010
44985 8 7 7 0 0 7C2424FE107C04
44988 8 7 7 0 0 7C2424FE10407C
44992 8 7 7 0 0 7C24FE1078103C
44999 8 7 7 0 0 7C24FE107E2A74
45000 8 7 7 0 0 7C24FE107C447C
45001 8 7 7 0 0 7C24FE10447C7C
45003 8 7 7 0 0 7C24FE10102844
45005 8 7 7 0 0 7C24FE10384438
45006 8 7 7 0 0 7C24FE107C2844
45012 8 6 7 0 0 F45454FC242C24
45020 8 6 7 0 0 F454F42C78103C
45032 8 6 7 0 0 F454F44C282854
45033 8 6 7 0 0 F454F42C384438
45040 8 7 7 0 0 F65656FE262E26
45041 8 7 7 0 0 F656F62E267E02
45044 8 7 7 0 0 F656F62E26407E
45048 8 7 7 0 0 F656F62E7C183E
45056 8 7 7 0 0 F656F62E7E427E
45057 8 7 7 0 0 F656F62E427E7E
45060 8 7 7 0 0 F656F64E282854
45068 8 6 7 0 0 F4545404FC2424
45072 8 6 7 0 0 F45454FC24407C
45076 8 6 7 0 0 F454FC2478103C
45084 8 6 7 0 0 F454FC207C447C
45085 8 6 7 0 0 F454FC20447C7C
45096 8 7 7 0 0 FC2424FE282828
45124 8 7 6 0 1 7C24242400FE
45125 8 7 7 0 0 7C2424FE007C04
45128 8 7 7 0 0 7C2424FE00407C
45130 8 7 7 0 0 7C24FE005E4A74
45132 8 7 7 0 0 7C24FE7C1C607C
45134 8 7 7 0 0 7C24FE703C547C
45139 8 7 7 0 0 7C24FE743E4A74
45140 8 7 7 0 0 7C24FE007C447C
45141 8 7 7 0 0 7C24FE00447C7C
45143 8 7 7 0 0 7C24FE00102844
45145 8 7 7 0 0 7C24FE00384438
45149 8 7 7 0 0 7C24FE7C78407C
45180 8 6 7 0 0 F454545454A404
45181 8 6 7 0 0 F45454A4007C04
45184 8 6 7 0 0 F45454A404407C
45188 8 6 7 0 0 F454A47C1C607C
45196 8 6 7 0 0 F45454A47C447C
45197 8 6 7 0 0 F45454A4447C7C
45199 8 6 7 0 0 F45454A4102844
45201 8 6 7 0 0 F45454A4384438
45208 8 7 7 0 0 8484848684F404
45209 8 7 7 0 0 848486F4007C04
45210 8 7 7 0 0 848486F4007C14
45212 8 7 7 0 0 848486F404407C
45215 8 7 7 0 0 8486F4007C407C
45216 8 7 7 0 0 8486F47C1C607C
45217 8 7 7 0 0 8486F47C344474
45218 8 7 7 0 0 8486F47C34547C
45224 8 7 7 0 0 8486F4007C447C
45225 8 7 7 0 0 8486F400447C7C
45227 8 7 7 0 0 8486F404102844
45228 8 7 7 0 0 8486F400282854
45229 8 7 7 0 0 8486F400384438
45230 8 7 7 0 0 8486F4007C2844
45231 8 7 7 0 0 8486F4107C2844
45233 8 7 7 0 0 8486F47C78407C
45235 8 7 7 0 0 8486F4107C2810
45236 8 7 7 0 0 8A8A8A8E8AEA0A
45237 8 7 7 0 0 8A8A8EEA007E02
45240 8 7 7 0 0 8A8A8EEA0A407E
45244 8 7 7 0 0 8A8EEA7E1E607E
45252 8 7 7 0 0 8A8EEA007E427E
45253 8 7 7 0 0 8A8EEA00427E7E
45255 8 7 7 0 0 8A8EEA0A102844
45256 8 7 7 0 0 8A8EEA00282854
45257 8 7 7 0 0 8A8EEA003C423C
45264 8 7 7 0 0 8486848486F404
45265 8 7 7 0 0 848684F6047C04
45268 8 7 7 0 0 848684F604407C
45272 8 7 7 0 0 8684F67C1C607C
45280 8 7 7 0 0 8684F6047C447C
45285 8 7 7 0 0 8684F604384438
45320 8 6 7 0 0 84849C8484F404
45321 8 6 7 0 0 849C84F4007C04
45323 8 7 7 0 0 849C84F400741A
45324 8 6 7 0 0 849C84F404407C
45328 8 6 7 0 0 849CE47C1C607C
45330 8 6 7 0 0 849CE47C34547C
45331 8 6 7 0 0 849CE4743C547C
45336 8 6 7 0 0 849CE4007C447C
45337 8 6 7 0 0 849CE400447C7C
45339 8 6 7 0 0 849C84E4102844
45340 8 6 7 0 0 849CE400282854
45341 8 6 7 0 0 849CE400384438
45347 8 6 7 0 0 849CE4107C2810
45348 8 7 7 0 0 8A8ABA8A8AEA0A
45349 8 7 7 0 0 8ABA8AEA007E02
45352 8 7 7 0 0 8ABA8AEA0A407E
45356 8 7 7 0 0 8A9AEA7E1E607E
45364 8 7 7 0 0 8A9AEA007E427E
45365 8 7 7 0 0 8A9AEA00427E7E
45367 8 7 7 0 0 8A9AEA0A102844
45368 8 7 7 0 0 8A9AEA02282854
45369 8 7 7 0 0 8A9AEA003C423C
45376 8 6 7 0 0 849C849C84F404
45377 8 6 7 0 0 848C84EC047C04
45380 8 6 7 0 0 848C84EC04407C
45384 8 6 7 0 0 8C84EC741C607C
45392 8 6 7 0 0 8C84EC047C447C
45393 8 6 7 0 0 8C84EC04447C7C
45396 8 6 7 0 0 8C84EC04282854
45397 8 6 7 0 0 8C84EC04384438
45400 8 6 7 0 0 8C84EC047C3C04
45404 8 7 7 0 0 8ABA8ABA8AEA0A
45408 8 7 7 0 0 9A8A9AEA0A407E
45432 8 7 6 0 1 4040407C10FE
45433 8 7 7 0 0 407C10FE007C04
45436 8 7 7 0 0 407C10FE00407C
45440 8 7 7 0 0 407C10FE1C607C
45442 8 7 7 0 0 407C10FE3C547C
45448 8 7 7 0 0 407C10FE7C447C
45449 8 7 7 0 0 407C10FE447C7C
45451 8 7 7 0 0 407C10FE102844
45453 8 7 7 0 0 407C10FE384438
45458 8 7 7 0 0 407C10FE7C287C
45459 8 7 7 0 0 407C10FE106C38
45460 8 7 7 0 0 848484F624FC04
45464 8 7 7 0 0 84F426FC04407C
45468 8 7 7 0 0 84F624FC1C607C
45480 8 7 7 0 0 84F624FC282854
45516 8 6 7 0 0 848484F424FC04
45520 8 6 7 0 0 84F424FC04407C
45524 8 6 7 0 0 84F424FC1C607C
45532 8 6 7 0 0 84F424FC7C447C
45533 8 6 7 0 0 84F424FC447C7C
45535 8 6 7 0 0 84F424FC102844
45544 8 7 6 0 1 4040407C28FE
45545 8 7 7 0 0 407C28FE007C04
45548 8 7 7 0 0 407C28FE00407C
45552 8 7 7 0 0 407C28FE1C607C
45561 8 7 7 0 0 407C28FE447C7C
45563 8 7 7 0 0 407C28FE102844
45565 8 7 7 0 0 407C28FE384438
45572 8 7 7 0 0 40407C00FE1010
45573 8 7 7 0 0 407C00FE107C04
45576 8 7 7 0 0 407C00FE10407C
45579 8 7 7 0 0 407CFE107C407C
45580 8 7 7 0 0 407CFE1078103C
45588 8 7 7 0 0 407CFE107C447C
45589 8 7 7 0 0 407CFE10447C7C
45591 8 7 7 0 0 407CFE10102844
45593 8 7 7 0 0 407CFE10384438
45600 8 6 7 0 0 8484F404F42C24
45620 8 6 7 0 0 4474F44C282854
45628 8 7 7 0 0 8A8AEA0AEA5A4A
45656 8 6 7 0 0 8484F404FC2424
45660 8 6 7 0 0 84F404FC24407C
45664 8 6 7 0 0 4474FC2478103C
45672 8 6 7 0 0 4474FC207C447C
45673 8 6 7 0 0 4474FC20447C7C
45684 8 7 7 0 0 40407C00FE2828
45685 8 7 7 0 0 407C00FE287C04
45692 8 7 7 0 0 407CFE2878103C
45700 8 7 7 0 0 407CFE287C447C
45701 8 7 7 0 0 407CFE28447C7C
45705 8 7 7 0 0 407CFE28384438
45712 8 7 6 0 1 4040407C00FE
45713 8 7 7 0 0 407C00FE007C04
45716 8 7 7 0 0 407C00FE00407C
45720 8 7 7 0 0 407C00FE1C607C
45721 8 7 7 0 0 407C00FE7C2474
45722 8 7 7 0 0 407C00FE7C347C
45728 8 7 7 0 0 407CFE007C447C
45729 8 7 7 0 0 407C00FE447C7C
45731 8 7 7 0 0 407C00FE102844
45733 8 7 7 0 0 407C00FE384438
45734 8 7 7 0 0 407CFE007C2844
45738 8 7 7 0 0 407CFE007C287C
45740 8 6 7 0 0 848484F404FC04
45744 8 6 7 0 0 84F404FC04407C
45748 8 6 7 0 0 4474FC7C1C607C
45768 8 6 7 0 0 8484848484F404
45769 8 6 7 0 0 848484F4007C04
45772 8 6 7 0 0 848484F404407C
45776 8 6 7 0 0 8484F47C1C607C
45778 8 6 7 0 0 8484F47C34547C
45784 8 6 7 0 0 8484F4007C447C
45785 8 6 7 0 0 8484F400447C7C
45787 8 6 7 0 0 8484F404102844
45789 8 6 7 0 0 8484F400384438
45794 8 6 7 0 0 8484F4007C287C
45796 8 7 7 0 0 F484848684F404
45797 8 7 7 0 0 F48684F4007C04
45798 8 7 7 0 0 F48684F4007C14
45800 8 7 7 0 0 F48486F404407C
45803 8 7 7 0 0 F486F4007C407C
45804 8 7 7 0 0 F486F47C1C607C
45805 8 7 7 0 0 F486F47C344474
45806 8 7 7 0 0 F486F47C34547C
45807 8 7 7 0 0 F486F4743C547C
45811 8 7 7 0 0 F486F4743E4A74
45812 8 7 7 0 0 F486F4007C447C
45813 8 7 7 0 0 F48684F4447C7C
45815 8 7 7 0 0 F48684F4102844
45816 8 7 7 0 0 F48684F4282854
45817 8 7 7 0 0 F486F400384438
45818 8 7 7 0 0 F486F4007C2844
45819 8 7 7 0 0 F486F4107C2844
45823 8 7 7 0 0 F486F4107C2810
45824 8 7 7 0 0 EA8A8A8E8AEA0A
45825 8 7 7 0 0 EA8E8AEA007E02
45828 8 7 7 0 0 EA8A8EEA0A407E
45832 8 7 7 0 0 EA8EEA7E1E607E
45840 8 7 7 0 0 EA8EEA007E427E
45841 8 7 7 0 0 EA8E8AEA427E7E
45843 8 7 7 0 0 EA8E8AEA102844
45844 8 7 7 0 0 EA8EEA02282854
45845 8 7 7 0 0 EA8EEA003C423C
45852 8 7 7 0 0 F486848486F404
45908 8 6 7 0 0 F4849C8484F404
45909 8 6 7 0 0 E49C84E4007C04
45910 8 6 7 0 0 E49C84E4007C14
45912 8 6 7 0 0 E49C84E404407C
45915 8 6 7 0 0 E49CE4007C407C
45916 8 6 7 0 0 E49CE47C1C607C
45918 8 6 7 0 0 E49CE47C34547C
45919 8 6 7 0 0 E49CE4743C547C
45924 8 6 7 0 0 E49CE4007C447C
45925 8 6 7 0 0 E49C84E4447C7C
45927 8 6 7 0 0 E49C84E4102844
45929 8 6 7 0 0 E49CE400384438
45931 8 6 7 0 0 E49CE4107C2844
45934 8 6 7 0 0 E49CE4007C287C
45936 8 7 7 0 0 EA8ABA8A8AEA0A
45937 8 7 7 0 0 EA9A8AEA007E02
45940 8 7 7 0 0 EA9A8AEA0A407E
45944 8 7 7 0 0 EA9AEA7E1E607E
45952 8 7 7 0 0 EA9AEA007E427E
45953 8 7 7 0 0 EA9A8AEA427E7E
45955 8 7 7 0 0 EA9A8AEA102844
45956 8 7 7 0 0 EA9A8AE2282854
45957 8 7 7 0 0 EA9AEA003C423C
45964 8 6 7 0 0 E49C849C84E404
45968 8 6 7 0 0 E48C84EC04407C
45972 8 6 7 0 0 EC84EC741C607C
45984 8 6 7 0 0 EC848CE4282854
45985 8 6 7 0 0 EC84EC04384438
45992 8 7 7 0 0 EA9A8A9A8AEA0A
45996 8 7 7 0 0 EA9A9AEA0A407E
46020 8 7 6 0 1 7C40407C10FE
46021 8 7 7 0 0 7C407C10FE7C04
46024 8 7 7 0 0 7C407C10FE407C
46027 8 7 7 0 0 7C4010FE7C407C
46028 8 7 7 0 0 7C4010FE1C607C
46030 8 7 7 0 0 7C4010FE3C547C
46032 8 7 7 0 0 7C4010FE34447A
46036 8 7 7 0 0 7C407C10FE447C
46037 8 7 7 0 0 7C4010FE447C7C
46039 8 7 7 0 0 7C407C10FE106C
46041 8 7 7 0 0 7C407C10FE4438
46043 8 7 7 0 0 7C4010FE107C28
46045 8 7 7 0 0 7C4010FE78407C
46048 8 7 7 0 0 F48484F624FC04
46052 8 7 7 0 0 F484F624FC407C
46056 8 7 7 0 0 F48624FC1C607C
46076 8 7 7 0 0 EA8A8AEE4AFA0A
46096 8 7 7 0 0 EA8AEE4AFA2854
46104 8 6 7 0 0 F48484F424FC04
46108 8 6 7 0 0 F484F424FC407C
46112 8 6 7 0 0 F48424FC1C607C
46120 8 6 7 0 0 F48424FC7C447C
46121 8 6 7 0 0 F48424FC447C7C
46123 8 6 7 0 0 F484F424FC106C
46132 8 7 6 0 1 7C40407C28FE
46160 8 7 7 0 0 7C407C00FE1010
46161 8 7 7 0 0 7C407CFE107C04
46164 8 7 7 0 0 7C407CFE10407C
46168 8 7 7 0 0 7C40FE1078103C
46176 8 7 7 0 0 7C40FE107C447C
46177 8 7 7 0 0 7C40FE10447C7C
46179 8 7 7 0 0 7C40FE10102844
46181 8 7 7 0 0 7C40FE10384438
46188 8 6 7 0 0 F484F404F42C24
46208 8 6 7 0 0 7444F44C282854
46216 8 7 7 0 0 EA8AEA0AEA5A4A
46237 8 7 7 0 0 EA8AEA5A3C423C
46244 8 6 7 0 0 F484F404FC2424
46248 8 6 7 0 0 744474FC24407C
46252 8 6 7 0 0 7444FC2478103C
46261 8 6 7 0 0 7444FC20447C7C
46263 8 6 7 0 0 7444FC24102844
46265 8 6 7 0 0 7444FC20384438
46272 8 7 7 0 0 7C407C00FE2828
46276 8 7 7 0 0 7C407CFE28407C
46280 8 7 7 0 0 7C40FE2878103C
46288 8 7 7 0 0 7C40FE287C447C
46293 8 7 7 0 0 7C40FE28384438
46300 8 7 6 0 1 7C40407C00FE
46301 8 7 7 0 0 7C407CFE007C04
46304 8 7 7 0 0 7C407C00FE407C
46307 8 7 7 0 0 7C407CFE7C407C
46308 8 7 7 0 0 7C407CFE1C607C
46310 8 7 7 0 0 7C407CFE3C547C
46316 8 7 7 0 0 7C407CFE7C447C
46317 8 7 7 0 0 7C407CFE447C7C
46319 8 7 7 0 0 7C407CFE102844
46321 8 7 7 0 0 7C407CFE384438
46328 8 6 7 0 0 F48484F404FC04
46356 8 6 7 0 0 F484848484F404
46357 8 6 7 0 0 F48484F4007C04
46360 8 6 7 0 0 F48484F404407C
46363 8 6 7 0 0 F484F4007C407C
46364 8 6 7 0 0 F484F47C1C607C
46372 8 6 7 0 0 F484F4007C447C
46373 8 6 7 0 0 F48484F4447C7C
46375 8 6 7 0 0 F48484F4102844
46376 8 6 7 0 0 F48484F4282854
46377 8 6 7 0 0 F484F400384438
46378 8 6 7 0 0 F484F4007C2844
46384 8 7 7 0 0 F4A4A4A6A4F404
46385 8 7 7 0 0 F4A6A4F4007C04
46388 8 7 7 0 0 F4A4A6F404407C
46392 8 7 7 0 0 F4A6F47C1C607C
46400 8 7 7 0 0 F4A6F4007C447C
46401 8 7 7 0 0 F4A6A4F4447C7C
46403 8 7 7 0 0 F4A6A4F4102844
46404 8 7 7 0 0 F4A6A4F4282854
46405 8 7 7 0 0 F4A6F400384438
46411 8 7 7 0 0 F4A6F4107C2810
46412 8 7 7 0 0 FAAAAAAEAAFA0A
46413 8 7 7 0 0 FAAEAAFA007E02
46416 8 7 7 0 0 FAAEAAFA0A407E
46420 8 7 7 0 0 FAAEFA7E1E607E
46428 8 7 7 0 0 FAAEFA007E427E
46429 8 7 7 0 0 FAAEAAFA427E7E
46431 8 7 7 0 0 FAAEAAFA102844
46432 8 7 7 0 0 FAAEAAFA282854
46433 8 7 7 0 0 FAAEFA003C423C
46496 8 6 7 0 0 F4A4ACA4A4F404
46497 8 6 7 0 0 F4ACA4F4007C04
46500 8 6 7 0 0 F4ACA4F404407C
46504 8 6 7 0 0 F4ACF47C1C607C
46506 8 6 7 0 0 F4ACF47C34547C
46507 8 6 7 0 0 F4ACF4743C547C
46512 8 6 7 0 0 F4ACF4007C447C
46513 8 6 7 0 0 F4ACA4F4447C7C
46515 8 6 7 0 0 F4ACA4F4102844
46516 8 6 7 0 0 F4ACA4F4282854
46517 8 6 7 0 0 F4ACF404384438
46523 8 6 7 0 0 F4ACF4107C2810
46524 8 7 7 0 0 F6A6AEA6A6F606
46525 8 7 7 0 0 F6AEA6F6007E02
46528 8 7 7 0 0 F6AEA6F606407E
46532 8 7 7 0 0 F6AEF67E1E607E
46540 8 7 7 0 0 F6AEF6007E427E
46541 8 7 7 0 0 F6AEA6F6427E7E
46543 8 7 7 0 0 F6AEA6F6102844
46544 8 7 7 0 0 F6AEA6F6282854
46545 8 7 7 0 0 F6AEF6003C423C
46552 8 6 7 0 0 F4ACA4ACA4F404
46572 8 6 7 0 0 F4ACACF4282854
46608 8 7 6 0 1 7C50507C10FE
46609 8 7 7 0 0 7C507C10FE7C04
46612 8 7 7 0 0 7C507C10FE407C
46616 8 7 7 0 0 7C5010FE1C607C
46629 8 7 7 0 0 7C507C10FE4438
46636 8 7 7 0 0 F4A4A4F624FC04
46644 8 7 7 0 0 F4A624FC1C607C
46664 8 7 7 0 0 FAAAAAFE2AFA0A
46692 8 6 7 0 0 F4A4A4F424FC04
46696 8 6 7 0 0 F4A4F424FC407C
46748 8 7 7 0 0 7C507C00FE1010
46749 8 7 7 0 0 7C507CFE107C04
46752 8 7 7 0 0 7C507CFE10407C
46756 8 7 7 0 0 7C50FE1078103C
46763 8 7 7 0 0 7C50FE107E2A74
46764 8 7 7 0 0 7C50FE107C447C
46769 8 7 7 0 0 7C50FE10384438
46804 8 7 7 0 0 F6A6F606F62E26
46832 8 6 7 0 0 F4A4F404FC2424
46836 8 6 7 0 0 F4A4F4FC24407C
46840 8 6 7 0 0 F4A4FC2478103C
46848 8 6 7 0 0 F4A4FC207C447C
46849 8 6 7 0 0 F4A4FC20447C7C
46853 8 6 7 0 0 F4A4FC24384438
46888 8 7 6 0 1 7C50507C00FE
46889 8 7 7 0 0 7C507CFE007C04
46892 8 7 7 0 0 7C507C00FE407C
46895 8 7 7 0 0 7C50FE007C407C
46896 8 7 7 0 0 7C50FE7C1C607C
46904 8 7 7 0 0 7C507CFE7C447C
46905 8 7 7 0 0 7C507CFE447C7C
46907 8 7 7 0 0 7C507CFE102844
46916 8 6 7 0 0 F4A4A4F404FC04
46920 8 6 7 0 0 F4A4F404FC407C
46924 8 6 7 0 0 F4A4F4FC1C607C
46932 8 6 7 0 0 F4A4F4FC7C447C
46933 8 6 7 0 0 F4A4F4FC447C7C
46944 8 6 7 0 0 F4A4A4A4A4F404
46948 8 6 7 0 0 F4A4A4F404407C
46952 8 6 7 0 0 F4A4F47C1C607C
46960 8 6 7 0 0 F4A4F4007C447C
46961 8 6 7 0 0 F4A4A4F4447C7C
46963 8 6 7 0 0 F4A4A4F4102844
46965 8 6 7 0 0 F4A4F400384438
46972 8 7 7 0 0 F414F48684F404
46973 8 7 7 0 0 F436C4F4007C04
46976 8 7 7 0 0 F436C4F400407C
46980 8 7 7 0 0 F436C4FC1C607C
46988 8 7 7 0 0 F436C4F47C447C
46989 8 7 7 0 0 F436C4F4447C7C
46991 8 7 7 0 0 F436C4F4102844
46992 8 7 7 0 0 F436C4F4282854
46993 8 7 7 0 0 F436C4F4384438
46994 8 7 7 0 0 F436C4F47C2844
46998 8 7 7 0 0 F436C4F47C287C
46999 8 7 7 0 0 F436C4F4106C38
47000 8 7 7 0 0 EA2AEA8E8AEA0A
47001 8 7 7 0 0 EA6E8AEA007E02
47004 8 7 7 0 0 EA6A8EEA0A407E
47008 8 7 7 0 0 EA6E8AFE1E607E
47016 8 7 7 0 0 EA6E8AEA7E427E
47017 8 7 7 0 0 EA6E8AEA427E7E
47019 8 7 7 0 0 EA6E8AEA102844
47020 8 7 7 0 0 EA6E8AE2282854
47021 8 7 7 0 0 EA6E8AEA3C423C
47028 8 7 7 0 0 F416F48486F404
47029 8 7 7 0 0 F436C4F6047C04
47032 8 7 7 0 0 F436C4F604407C
47047 8 7 7 0 0 F436C4F6142844
47049 8 7 7 0 0 F436C4F6384438
47084 8 6 7 0 0 E424EC8484F404
47085 8 6 7 0 0 E46C84F4007C04
47088 8 6 7 0 0 E46C84F404407C
47092 8 6 7 0 0 E46C84FC1C607C
47100 8 6 7 0 0 E46C84F47C447C
47101 8 6 7 0 0 E46C84F4447C7C
47103 8 6 7 0 0 E46C84F4102844
47104 8 6 7 0 0 E46C84F4282854
47105 8 6 7 0 0 E46C84F4384438
47111 8 6 7 0 0 E46C84F4106C38
47112 8 7 7 0 0 EA2AEA9A8AEA0A
47113 8 7 7 0 0 EA6A9AEA007E02
47116 8 7 7 0 0 EA6A9AEA0A407E
47120 8 7 7 0 0 EA6A9AEE1E607E
47128 8 7 7 0 0 EA6A9AEA7E427E
47129 8 7 7 0 0 EA6A9AEA427E7E
47131 8 7 7 0 0 EA6A9AEA102844
47133 8 7 7 0 0 EA6A9AEA3C423C
47140 8 6 7 0 0 E42CE48C84F404
47141 8 6 7 0 0 EC648CF4007C04
47144 8 6 7 0 0 EC648CF404407C
47148 8 6 7 0 0 EC648CF41C607C
47156 8 6 7 0 0 EC648CF47C447C
47157 8 6 7 0 0 EC648CF4447C7C
47159 8 6 7 0 0 EC648CF4102844
47160 8 6 7 0 0 EC648CF4282854
47161 8 6 7 0 0 EC648CF4384438
47168 8 7 7 0 0 EA3AEA9A8AEA0A
47172 8 7 7 0 0 FA6A9AEA0A407E
47185 8 7 7 0 0 FA6A9AEA427E7E
47187 8 7 7 0 0 FA6A9AEA102844
47196 8 7 6 0 1 7C1C607C10FE
47197 8 7 7 0 0 783C10FE007C04
47200 8 7 7 0 0 783C10FE00407C
47204 8 7 7 0 0 783C10FE1C607C
47212 8 7 7 0 0 783C10FE7C447C
47213 8 7 7 0 0 783C10FE447C7C
47215 8 7 7 0 0 783C10FE102844
47217 8 7 7 0 0 783C10FE384438
47224 8 7 7 0 0 F434C4F624FC04
47228 8 7 7 0 0 E47426FC04407C
47245 8 7 7 0 0 E47624FC384438
47272 8 7 7 0 0 EA7E2AFA282854
47280 8 6 7 0 0 F434C4F424FC04
47284 8 6 7 0 0 E47424FC04407C
47288 8 6 7 0 0 E47424FC1C607C
47296 8 6 7 0 0 E47424FC7C447C
47297 8 6 7 0 0 E47424FC447C7C
47299 8 6 7 0 0 E47424FC102844
47301 8 6 7 0 0 E47424FC384438
47308 8 7 6 0 1 7C1C607C28FE
47312 8 7 7 0 0 783C28FE00407C
47316 8 7 7 0 0 783C28FE1C607C
47325 8 7 7 0 0 783C28FE447C7C
47327 8 7 7 0 0 783C28FE102844
47329 8 7 7 0 0 783C28FE384438
47336 8 7 7 0 0 7C1C607C00FE10
47337 8 7 7 0 0 7C1C60FE107C04
47340 8 7 7 0 0 7C1C60FE10407C
47344 8 7 7 0 0 783CFE1078103C
47352 8 7 7 0 0 783CFE107C447C
47353 8 7 7 0 0 783CFE10447C7C
47355 8 7 7 0 0 783CFE10102844
47357 8 7 7 0 0 783CFE10384438
47364 8 6 7 0 0 E4647404F42C24
47384 8 6 7 0 0 E474F44C282854
47392 8 7 7 0 0 E6667606F62E26
47420 8 6 7 0 0 F434C4F404FC24
47421 8 6 7 0 0 E47404FC207C04
47424 8 6 7 0 0 E47404FC24407C
47428 8 6 7 0 0 E474FC2478103C
47436 8 6 7 0 0 E474FC207C447C
47439 8 6 7 0 0 E474FC24102844
47441 8 6 7 0 0 E474FC24384438
47448 8 7 7 0 0 7C1C607C00FE28
47449 8 7 7 0 0 7C1C60FE287C04
47452 8 7 7 0 0 7C1C60FE28407C
47456 8 7 7 0 0 783CFE2878103C
47464 8 7 7 0 0 783CFE287C447C
47465 8 7 7 0 0 783CFE28447C7C
47467 8 7 7 0 0 783CFE28102844
47469 8 7 7 0 0 783CFE28384438
47476 8 7 6 0 1 7C1C607C00FE
47477 8 7 7 0 0 7C1C60FE007C04
47480 8 7 7 0 0 7C1C60FE00407C
47484 8 7 7 0 0 7C1C60FE1C607C
47492 8 7 7 0 0 7C1C60FE7C447C
47493 8 7 7 0 0 7C1C60FE447C7C
47495 8 7 7 0 0 7C1C60FE102844
47497 8 7 7 0 0 7C1C60FE384438
47498 8 7 7 0 0 7C1C60FE7C2844
47501 8 7 7 0 0 7C1C60FE78407C
47502 8 7 7 0 0 7C1C60FE7C287C
47532 8 6 7 0 0 F414F48484F404
47533 8 6 7 0 0 F434C4F4007C04
47536 8 6 7 0 0 F434C4F404407C
47540 8 6 7 0 0 F434C4FC1C607C
47548 8 6 7 0 0 F434C4F47C447C
47549 8 6 7 0 0 F434C4F4447C7C
47551 8 6 7 0 0 F434C4F4102844
47553 8 6 7 0 0 F434C4F4384438
47560 8 7 7 0 0 F494949694F404
47561 8 7 7 0 0 F49694F4007C04
47564 8 7 7 0 0 F49496F404407C
47566 8 7 7 0 0 F496F4045E4A74
47567 8 7 7 0 0 F496F4007C407C
47568 8 7 7 0 0 F496F47C1C607C
47569 8 7 7 0 0 F496F47C344474
47570 8 7 7 0 0 F496F47C34547C
47576 8 7 7 0 0 F496F4007C447C
47577 8 7 7 0 0 F49694F4447C7C
47579 8 7 7 0 0 F49694F4102844
47581 8 7 7 0 0 F496F400384438
47582 8 7 7 0 0 F496F4007C2844
47585 8 7 7 0 0 F496F47C78407C
47587 8 7 7 0 0 F496F4107C2810
47588 8 7 7 0 0 EAAAAAAEAAEA0A
47589 8 7 7 0 0 EAAEAAEA007E02
47592 8 7 7 0 0 EAAAAEEA0A407E
47596 8 7 7 0 0 EAAEEA7E1E607E
47604 8 7 7 0 0 EAAEEA007E427E
47605 8 7 7 0 0 EAAEAAEA427E7E
47607 8 7 7 0 0 EAAEAAEA102844
47608 8 7 7 0 0 EAAEAAEA002854
47609 8 7 7 0 0 EAAEEA003C423C
47610 8 7 7 0 0 EAAEEA007C2844
47616 8 7 7 0 0 F496949496F404
47617 8 7 7 0 0 F49694F6047C04
47624 8 7 7 0 0 F694F67C1C607C
47637 8 7 7 0 0 F694F604384438
47672 8 6 7 0 0 F4949C9494F404
47673 8 6 7 0 0 F49C94F4007C04
47676 8 6 7 0 0 F49C94F404407C
47680 8 6 7 0 0 F49CF47C1C607C
47682 8 6 7 0 0 F49CF47C34547C
47688 8 6 7 0 0 F49CF4007C447C
47689 8 6 7 0 0 F49C94F4447C7C
47691 8 6 7 0 0 F49C94F4102844
47693 8 6 7 0 0 F49CF400384438
47694 8 6 7 0 0 F49CF4007C2844
47699 8 6 7 0 0 F49CF4107C2810
47700 8 7 7 0 0 EAAABAAAAAEA0A
47701 8 7 7 0 0 EABAAAEA007E02
47704 8 7 7 0 0 EABAAAEA0A407E
47708 8 7 7 0 0 EABAEA7E1E607E
47716 8 7 7 0 0 EABAEA007E427E
47717 8 7 7 0 0 EABAAAEA427E7E
47719 8 7 7 0 0 EABAAAEA102844
47720 8 7 7 0 0 EABAAAE2282854
47721 8 7 7 0 0 EABAEA003C423C
47728 8 6 7 0 0 F49C949C94F404
47729 8 6 7 0 0 F49C94FC047C04
47732 8 6 7 0 0 F49C94FC04407C
47736 8 6 7 0 0 FC94FC741C607C
47747 8 6 7 0 0 F49C94FC102844
47748 8 6 7 0 0 FC949CF4282854
47749 8 6 7 0 0 FC949CF4384438
47751 8 6 7 0 0 FC94FC147C2844
47756 8 7 7 0 0 EABAAAAABAEA0A
47784 8 7 6 0 1 7C44447C10FE
47785 8 7 7 0 0 7C447C10FE7C04
47787 8 7 7 0 0 7C447C10FE6834
47788 8 7 7 0 0 7C447C10FE407C
47792 8 7 7 0 0 7C4410FE1C607C
47794 8 7 7 0 0 7C4410FE3C547C
47800 8 7 7 0 0 7C447C10FE447C
47801 8 7 7 0 0 7C4410FE447C7C
47803 8 7 7 0 0 7C447C10FE106C
47805 8 7 7 0 0 7C447C10FE4438
47812 8 7 7 0 0 F49494F624FC04
47816 8 7 7 0 0 F494F624FC407C
47832 8 7 7 0 0 F494F624FC2854
47833 8 7 7 0 0 F494F624FC4438
47868 8 6 7 0 0 F49494F424FC04
47872 8 6 7 0 0 F494F424FC407C
47876 8 6 7 0 0 F49424FC1C607C
47885 8 6 7 0 0 F49424FC447C7C
47887 8 6 7 0 0 F494F424FC106C
47889 8 6 7 0 0 F494F424FC4438
47896 8 7 6 0 1 7C44447C28FE
47900 8 7 7 0 0 7C447C28FE407C
47904 8 7 7 0 0 7C4428FE1C607C
47913 8 7 7 0 0 7C4428FE447C7C
47915 8 7 7 0 0 7C447C28FE106C
47924 8 7 7 0 0 7C447C00FE1010
47925 8 7 7 0 0 7C447CFE107C04
47926 8 7 7 0 0 7C447CFE107C14
47928 8 7 7 0 0 7C447CFE10407C
47931 8 7 7 0 0 7C44FE107C407C
47932 8 7 7 0 0 7C44FE1078103C
47933 8 7 7 0 0 7C44FE107C2474
47934 8 7 7 0 0 7C44FE107C347C
47940 8 7 7 0 0 7C44FE107C447C
47941 8 7 7 0 0 7C44FE10447C7C
47943 8 7 7 0 0 7C44FE10102844
47945 8 7 7 0 0 7C44FE10384438
47949 8 7 7 0 0 7C44FE107C787C
47951 8 7 7 0 0 7C44FE10106C38
47952 8 6 7 0 0 F494F404F42C24
47956 8 6 7 0 0 7454F42C24407C
47960 8 6 7 0 0 7454F42C78103C
47969 8 6 7 0 0 7454F42C447C7C
47971 8 6 7 0 0 7454F42C102844
47980 8 7 7 0 0 EAAAEA0AEA5A4A
48008 8 6 7 0 0 F494F404FC2424
48012 8 6 7 0 0 745474FC24407C
48016 8 6 7 0 0 7454FC2478103C
48036 8 7 7 0 0 7C447C00FE2828
48040 8 7 7 0 0 7C447CFE28407C
48044 8 7 7 0 0 7C44FE2878103C
48052 8 7 7 0 0 7C44FE287C447C
48055 8 7 7 0 0 7C44FE28102844
48064 8 7 6 0 1 7C44447C00FE
48068 8 7 7 0 0 7C447C00FE407C
48072 8 7 7 0 0 7C44FE7C1C607C
48080 8 7 7 0 0 7C44FE007C447C
48083 8 7 7 0 0 7C447CFE102844
48120 8 6 7 0 0 F494949494F404
48121 8 6 7 0 0 F49494F4007C04
48124 8 6 7 0 0 F49494F404407C
48127 8 6 7 0 0 F494F4007C407C
48128 8 6 7 0 0 F494F47C1C607C
48130 8 6 7 0 0 F494F47C34547C
48136 8 6 7 0 0 F494F4007C447C
48137 8 6 7 0 0 F49494F4447C7C
48139 8 6 7 0 0 F49494F4102844
48140 8 6 7 0 0 F49494F4282854
48141 8 6 7 0 0 F494F400384438
48143 8 6 7 0 0 F494F4107C2844
48145 8 6 7 0 0 F494F47C78407C
48148 8 7 7 0 0 9494F49694F404
48149 8 7 7 0 0 94F694F4007C04
48150 8 7 7 0 0 94F694F4007C14
48151 8 7 7 0 0 94F694F400741A
48152 8 7 7 0 0 94F496F404407C
48155 8 7 7 0 0 94F694F47C407C
48156 8 7 7 0 0 94F694FC1C607C
48157 8 7 7 0 0 94F694F43C4474
48158 8 7 7 0 0 94F694F43C547C
48159 8 7 7 0 0 94F694F4345C7C
48164 8 7 7 0 0 94F694F47C447C
48165 8 7 7 0 0 94F694F4447C7C
48167 8 7 7 0 0 94F694F4102844
48169 8 7 7 0 0 94F694F4384438
48173 8 7 7 0 0 94F694FC78407C
48176 8 7 7 0 0 AAAAEAAEAAEA0A
48177 8 7 7 0 0 AAEEAAEA007E02
48180 8 7 7 0 0 AAEAAEEA0A407E
48184 8 7 7 0 0 AAEEAAFE1E607E
48192 8 7 7 0 0 AAEEAAEA7E427E
48193 8 7 7 0 0 AAEEAAEA427E7E
48195 8 7 7 0 0 AAEEAAEA102844
48196 8 7 7 0 0 AAEEAAEA002854
48197 8 7 7 0 0 AAEEAAEA3C423C
48201 8 7 7 0 0 AAEEAAFE7C407E
48204 8 7 7 0 0 9496F49496F404
48205 8 7 7 0 0 94F694F6047C04
48208 8 7 7 0 0 94F694F604407C
48221 8 7 7 0 0 94F694F6447C7C
48260 8 6 7 0 0 9494FC9494F404
48261 8 6 7 0 0 94FC94F4007C04
48264 8 6 7 0 0 94FC94F404407C
48267 8 6 7 0 0 94FC94F47C407C
48268 8 6 7 0 0 94FC94FC1C607C
48270 8 6 7 0 0 94FC94F43C547C
48276 8 6 7 0 0 94FC94F47C447C
48277 8 6 7 0 0 94FC94F4447C7C
48279 8 6 7 0 0 94FC94F4102844
48281 8 6 7 0 0 94FC94F4384438
48282 8 6 7 0 0 94FC94F47C2844
48288 8 7 7 0 0 AAAAFAAAAAEA0A
48289 8 7 7 0 0 AAFAAAEA007E02
48292 8 7 7 0 0 AAEABAEA0A407E
48295 8 7 7 0 0 AAFAAAEA7E407E
48296 8 7 7 0 0 AAFAEA7E1E607E
48304 8 7 7 0 0 AAFAAAEA7E427E
48305 8 7 7 0 0 AAFAAAEA427E7E
48307 8 7 7 0 0 AAFAAAEA102844
48308 8 7 7 0 0 AAFAAAEA002854
48309 8 7 7 0 0 AAFAAAEA3C423C
48316 8 6 7 0 0 9494FC949CF404
48317 8 6 7 0 0 94FC94FC047C04
48320 8 6 7 0 0 94FC94FC04407C
48324 8 6 7 0 0 9CF49CF41C607C
48333 8 6 7 0 0 94FC94FC447C7C
48335 8 6 7 0 0 94FC94FC142844
48336 8 6 7 0 0 9CF49CF4282854
48337 8 6 7 0 0 9CF49CF4384438
48341 8 6 7 0 0 9CF49CF478407C
48344 8 7 7 0 0 AABAEAAABAEA0A
48348 8 7 7 0 0 AAFAAAFA0A407E
48372 8 7 6 0 1 447C447C10FE
48373 8 7 7 0 0 447C7C10FE7C04
48374 8 7 7 0 0 447C7C10FE7C14
48376 8 7 7 0 0 447C7C10FE407C
48380 8 7 7 0 0 447C10FE1C607C
48388 8 7 7 0 0 447C7C10FE447C
48389 8 7 7 0 0 447C10FE447C7C
48391 8 7 7 0 0 447C7C10FE106C
48393 8 7 7 0 0 447C7C10FE4438
48400 8 7 7 0 0 94F494F624FC04
48404 8 7 7 0 0 94F4F624FC407C
48420 8 7 7 0 0 94F4F624FC2854
48428 8 7 7 0 0 AAEAAAEE4AFA0A
48448 8 7 7 0 0 AAEE4AFA282854
48456 8 6 7 0 0 94F494F424FC04
48457 8 6 7 0 0 94F424FC007C04
48460 8 6 7 0 0 94F4F424FC407C
48464 8 6 7 0 0 94F424FC1C607C
48472 8 6 7 0 0 94F4F424FC447C
48473 8 6 7 0 0 94F424FC447C7C
48484 8 7 6 0 1 447C447C28FE
48488 8 7 7 0 0 447C7C28FE407C
48512 8 7 7 0 0 447C447C00FE10
48513 8 7 7 0 0 447C44FE107C04
48516 8 7 7 0 0 447C44FE10407C
48519 8 7 7 0 0 447CFE107C407C
48520 8 7 7 0 0 447CFE1078103C
48521 8 7 7 0 0 447CFE107C2474
48522 8 7 7 0 0 447CFE107C347C
48528 8 7 7 0 0 447CFE107C447C
48529 8 7 7 0 0 447CFE10447C7C
48531 8 7 7 0 0 447C44FE10106C
48533 8 7 7 0 0 447CFE10384438
48537 8 7 7 0 0 447CFE107C787C
48538 8 7 7 0 0 447CFE107C287C
48540 8 6 7 0 0 54745474F42C24
48548 8 6 7 0 0 5474F42C78103C
48560 8 6 7 0 0 5474F44C282854
48568 8 7 7 0 0 AAEAEA0AEA5A4A
48596 8 6 7 0 0 94F494F404FC24
48597 8 6 7 0 0 547474FC207C04
48600 8 6 7 0 0 547474FC24407C
48604 8 6 7 0 0 5474FC2478103C
48617 8 6 7 0 0 5474FC24384438
48624 8 7 7 0 0 447C447C00FE28
48628 8 7 7 0 0 447C44FE28407C
48632 8 7 7 0 0 447CFE2878103C
48640 8 7 7 0 0 447CFE287C447C
48643 8 7 7 0 0 447CFE28102844
48645 8 7 7 0 0 447CFE28384438
48652 8 7 6 0 1 447C447C00FE
48653 8 7 7 0 0 447C44FE007C04
48656 8 7 7 0 0 447C44FE00407C
48660 8 7 7 0 0 447C44FE1C607C
48668 8 7 7 0 0 447C44FE7C447C
48669 8 7 7 0 0 447C44FE447C7C
48671 8 7 7 0 0 447C44FE102844
48708 8 6 7 0 0 9494F49494F404
48709 8 6 7 0 0 94F494F4007C04
48712 8 6 7 0 0 94F494F404407C
48716 8 6 7 0 0 94F494FC1C607C
48718 8 6 7 0 0 94F494F43C547C
48724 8 6 7 0 0 94F494F47C447C
48725 8 6 7 0 0 94F494F4447C7C
48727 8 6 7 0 0 94F494F4102844
48729 8 6 7 0 0 94F494F4384438
48730 8 6 7 0 0 94F494F47C2844
48731 8 6 7 0 0 94F4F4107C2844
48736 8 7 7 0 0 ACACFCAEACFC04
48737 8 7 7 0 0 ACFEACFC007C04
48740 8 7 7 0 0 ACFCAEFC04407C
48744 8 7 7 0 0 ACFEACFC1C607C
48746 8 7 7 0 0 ACFEACFC3C547C
48752 8 7 7 0 0 ACFEACFC7C447C
48753 8 7 7 0 0 ACFEACFC447C7C
48755 8 7 7 0 0 ACFEACFC102844
48756 8 7 7 0 0 ACFEACFC282854
48757 8 7 7 0 0 ACFEACFC384438
48763 8 7 7 0 0 ACFEFC107C2810
48764 8 7 7 0 0 AEAEFEAEAEFE06
48765 8 7 7 0 0 AEFEAEFE007E02
48768 8 7 7 0 0 AEFEAEFE06407E
48772 8 7 7 0 0 AEFEAEFE1E607E
48780 8 7 7 0 0 AEFEFE007E427E
48781 8 7 7 0 0 AEFEAEFE427E7E
48783 8 7 7 0 0 AEFEAEFE102844
48784 8 7 7 0 0 AEFEAEFE282854
48785 8 7 7 0 0 AEFEFE003C423C
48792 8 7 7 0 0 ACAEFCACAEFC04
48793 8 7 7 0 0 ACFEACFE047C04
48808 8 7 7 0 0 ACFEACFE7C447C
48848 8 7 7 0 0 AAAAFEAAAAFA02
48849 8 7 7 0 0 AAFEAAFA007E02
48852 8 7 7 0 0 AAFEAAFA02407E
48855 8 7 7 0 0 AAFEAAFA7E407E
48856 8 7 7 0 0 AAFEAAFE1E607E
48864 8 7 7 0 0 AAFEAAFA7E427E
48867 8 7 7 0 0 AAFEAAFA102844
48868 8 7 7 0 0 AAFEAAFA282854
48869 8 7 7 0 0 AAFEAAFA3C423C
48876 8 7 7 0 0 AEAEFEAEAEFE06
48897 8 7 7 0 0 AEFEFE003C423C
48904 8 7 7 0 0 AAAEFAAAAEFA02
48905 8 7 7 0 0 AAFEAAFE027E02
48920 8 7 7 0 0 AEFAAEFA7E427E
48921 8 7 7 0 0 AAFEAAFE427E7E
48923 8 7 7 0 0 AAFEAAFE122844
48924 8 7 7 0 0 AAFEAAFE2A2854
48925 8 7 7 0 0 AEFAAEFA3C423C
48960 8 7 6 0 1 547C547C10FE
48961 8 7 7 0 0 547C7C10FE7C04
48964 8 7 7 0 0 547C7C10FE407C
48968 8 7 7 0 0 547C10FE1C607C
48976 8 7 7 0 0 547C7C10FE447C
48977 8 7 7 0 0 547C10FE447C7C
48981 8 7 7 0 0 547C7C10FE4438
49044 8 7 7 0 0 AAFAAAFA22FE02
49072 8 7 6 0 1 547C547C28FE
49093 8 7 7 0 0 547C7C28FE4438
49100 8 7 7 0 0 547C547C00FE10
49101 8 7 7 0 0 547C54FE107C04
49104 8 7 7 0 0 547C54FE10407C
49108 8 7 7 0 0 547CFE1078103C
49116 8 7 7 0 0 547CFE107C447C
49119 8 7 7 0 0 547C54FE10106C
49121 8 7 7 0 0 547CFE10384438
49212 8 7 7 0 0 547C547C00FE28
49233 8 7 7 0 0 547CFE28384438
49240 8 7 6 0 1 547C547C00FE
49244 8 7 7 0 0 547C54FE00407C
49248 8 7 7 0 0 547C54FE1C607C
49256 8 7 7 0 0 547C54FE7C447C
49257 8 7 7 0 0 547C54FE447C7C
49296 8 7 7 0 0 AAAAFAAAAAFA02
49297 8 7 7 0 0 AAFAAAFA007E02
49300 8 7 7 0 0 AAFAAAFA02407E
49304 8 7 7 0 0 AAFAAAFE1E607E
49312 8 7 7 0 0 AAFAAAFA7E427E
49313 8 7 7 0 0 AAFAAAFA427E7E
49315 8 7 7 0 0 AAFAAAFA102844
49317 8 7 7 0 0 AAFAAAFA3C423C
49324 8 7 7 0 0 24242456548C04
49325 8 7 7 0 0 2424568C007C04
49327 8 7 7 0 0 2424568C00741A
49328 8 7 7 0 0 2424568C04407C
49331 8 7 7 0 0 24568C007C407C
49332 8 7 7 0 0 24568C7C1C607C
49333 8 7 7 0 0 24568C7C344474
49334 8 7 7 0 0 24568C7C34547C
49340 8 7 7 0 0 24568C007C447C
49341 8 7 7 0 0 2424568C447C7C
49343 8 7 7 0 0 2424568C102844
49344 8 7 7 0 0 2424568C282854
49345 8 7 7 0 0 2424568C384438
49349 8 7 7 0 0 24568C7C78407C
49352 8 7 7 0 0 4A4A4AAEAAAA0A
49353 8 7 7 0 0 4A4EAAAA007E02
49356 8 7 7 0 0 4A4AAEAA0A407E
49360 8 7 7 0 0 4A4EAA7E1E607E
49368 8 7 7 0 0 4A4EAA007E427E
49369 8 7 7 0 0 4A4EAAAA427E7E
49371 8 7 7 0 0 4A4EAAAA102844
49372 8 7 7 0 0 4A4EAAAA002854
49373 8 7 7 0 0 4A4EAA003C423C
49380 8 7 7 0 0 24262454568C04
49381 8 7 7 0 0 2426548E047C04
49384 8 7 7 0 0 2426548E04407C
49388 8 7 7 0 0 26548E7C1C607C
49396 8 7 7 0 0 2426548E7C447C
49397 8 7 7 0 0 2426548E447C7C
49399 8 7 7 0 0 2426548E142844
49401 8 7 7 0 0 2426548E384438
49408 8 7 7 0 0 4A4E4AAAAEAA0A
49412 8 7 7 0 0 4A4EAAAE0A407E
49416 8 7 7 0 0 4E4AAE7A1E607E
49424 8 7 7 0 0 4E4AAEAA7E427E
49429 8 7 7 0 0 4E4AAEAA3C423C
49436 8 6 7 0 0 24242C54548C04
49437 8 6 7 0 0 242C548C007C04
49438 8 6 7 0 0 242C548C007C14
49439 8 7 7 0 0 242C548C00741A
49440 8 6 7 0 0 242C548C04407C
49443 8 6 7 0 0 445CA4007C407C
49444 8 6 7 0 0 445CA47C1C607C
49446 8 6 7 0 0 445CA47C34547C
49447 8 6 7 0 0 445CA4743C547C
49452 8 6 7 0 0 445CA4007C447C
49453 8 6 7 0 0 242C548C447C7C
49455 8 6 7 0 0 242C548C102844
49456 8 6 7 0 0 242C548C282854
49457 8 6 7 0 0 242C548C384438
49462 8 6 7 0 0 445CA4007C287C
49464 8 7 7 0 0 4A4A5AAAAAAA0A
49465 8 7 7 0 0 4A5AAAAA007E02
49468 8 7 7 0 0 4A5AAAAA0A407E
49472 8 7 7 0 0 4A5AAA7E1E607E
49480 8 7 7 0 0 4A5AAA007E427E
49481 8 7 7 0 0 4A5AAAAA427E7E
49483 8 7 7 0 0 4A5AAAAA102844
49484 8 7 7 0 0 4A5AAAAA002854
49485 8 7 7 0 0 4A5AAA003C423C
49492 8 6 7 0 0 242C245C548C04
49493 8 6 7 0 0 444CA4AC047C04
49496 8 6 7 0 0 444CA4AC04407C
49500 8 6 7 0 0 4C44AC741C607C
49508 8 6 7 0 0 4C44AC047C447C
49509 8 6 7 0 0 444CA4AC447C7C
49511 8 6 7 0 0 444CA4AC102844
49512 8 6 7 0 0 444CA4AC042854
49513 8 6 7 0 0 4C44ACA4384438
49520 8 7 7 0 0 4A5A4AAABAAA0A
49524 8 7 7 0 0 4A5AAABA0A407E
49528 8 7 7 0 0 5A4ABA6E1E607E
49541 8 7 7 0 0 5A4ABAAA3C423C
49548 8 7 6 0 1 1010284410FE
49549 8 7 7 0 0 106C10FE007C04
49550 8 7 7 0 0 106C10FE007C14
49552 8 7 7 0 0 10284410FE407C
49556 8 7 7 0 0 106C10FE1C607C
49558 8 7 7 0 0 106C10FE3C547C
49564 8 7 7 0 0 106C10FE7C447C
49565 8 7 7 0 0 106C10FE447C7C
49567 8 7 7 0 0 106C10FE102844
49569 8 7 7 0 0 106C10FE384438
49573 8 7 7 0 0 106C10FE78407C
49576 8 7 7 0 0 242454AE24FC04
49577 8 7 7 0 0 24DE24FC007C04
49580 8 7 7 0 0 2454AE24FC407C
49584 8 7 7 0 0 24DE24FC1C607C
49597 8 7 7 0 0 24DE24FC384438
49604 8 7 7 0 0 4A4AAA0E4AFA0A
49608 8 7 7 0 0 4A4AAE4AFA407E
49612 8 7 7 0 0 4AAE4AFE1E607E
49620 8 7 7 0 0 4AAE4AFA7E427E
49623 8 7 7 0 0 4AAE4AFA102844
49624 8 7 7 0 0 4AAE4AFA282854
49632 8 6 7 0 0 242454AC24FC04
49636 8 6 7 0 0 2454AC24FC407C
49640 8 6 7 0 0 24DC24FC1C607C
49648 8 6 7 0 0 24DC24FC7C447C
49649 8 6 7 0 0 24DC24FC447C7C
49651 8 6 7 0 0 24DC24FC102844
49660 8 7 6 0 1 1010284428FE
49661 8 7 7 0 0 106C28FE007C04
49664 8 7 7 0 0 10284428FE407C
49668 8 7 7 0 0 106C28FE1C607C
49676 8 7 7 0 0 106C28FE7C447C
49677 8 7 7 0 0 106C28FE447C7C
49679 8 7 7 0 0 106C28FE102844
49681 8 7 7 0 0 106C28FE384438
49688 8 7 7 0 0 10284400FE1010
49689 8 7 7 0 0 106C00FE107C04
49692 8 7 7 0 0 106C00FE10407C
49695 8 7 7 0 0 106CFE107C407C
49696 8 7 7 0 0 106CFE1078103C
49704 8 7 7 0 0 106CFE107C447C
49705 8 7 7 0 0 106CFE10447C7C
49707 8 7 7 0 0 106CFE10102844
49709 8 7 7 0 0 106CFE10384438
49711 8 7 7 0 0 106CFE10107C28
49713 8 7 7 0 0 106CFE107C787C
49714 8 7 7 0 0 106CFE107C287C
49716 8 6 7 0 0 24548C04F42C24
49736 8 6 7 0 0 24DCF44C282854
49744 8 7 7 0 0 4A4AAA0AEA5A4A
49745 8 7 7 0 0 4AAA0AEA5A7E02
49748 8 7 7 0 0 4AAA0AEA5A407E
49752 8 7 7 0 0 4AAAEA5A7C183E
49760 8 7 7 0 0 4AAAEA5A7E427E
49765 8 7 7 0 0 4AAAEA5A3C423C
49772 8 6 7 0 0 24548C04FC2424
49773 8 6 7 0 0 24DC04FC207C04
49776 8 6 7 0 0 24DC04FC24407C
49780 8 6 7 0 0 24DCFC2478103C
49788 8 6 7 0 0 24DCFC207C447C
49789 8 6 7 0 0 24DCFC20447C7C
49791 8 6 7 0 0 24DCFC24102844
49793 8 6 7 0 0 24DCFC24384438
49800 8 7 7 0 0 10284400FE2828
49801 8 7 7 0 0 106C00FE287C04
49808 8 7 7 0 0 106CFE2878103C
49816 8 7 7 0 0 106CFE287C447C
49819 8 7 7 0 0 106CFE28102844
49821 8 7 7 0 0 106CFE28384438
49828 8 7 6 0 1 1010284400FE
49829 8 7 7 0 0 106C00FE007C04
49832 8 7 7 0 0 106C00FE00407C
49836 8 7 7 0 0 106C00FE1C607C
49837 8 7 7 0 0 106C00FE3C4474
49844 8 7 7 0 0 106CFE007C447C
49845 8 7 7 0 0 106C00FE447C7C
49847 8 7 7 0 0 106C00FE102844
49849 8 7 7 0 0 106CFE00384438
49884 8 6 7 0 0 24242454548C04
49885 8 6 7 0 0 2424548C007C04
49888 8 6 7 0 0 2424548C04407C
49891 8 6 7 0 0 24548C007C407C
49892 8 6 7 0 0 24548C7C1C607C
49899 8 7 7 0 0 24548C743E4A74
49900 8 6 7 0 0 24548C007C447C
49901 8 6 7 0 0 2424548C447C7C
49903 8 6 7 0 0 2424548C102844
49905 8 6 7 0 0 2424548C384438
49910 8 6 7 0 0 24548C007C287C
49912 8 7 7 0 0 545454AEACAC04
49913 8 7 7 0 0 5454AEAC007C04
49915 8 7 7 0 0 5454AEAC00741A
49916 8 7 7 0 0 5454AEAC04407C
49920 8 7 7 0 0 5456AC7C1C607C
49928 8 7 7 0 0 5456AC007C447C
49929 8 7 7 0 0 5456ACAC447C7C
49932 8 7 7 0 0 5456AC04282854
49933 8 7 7 0 0 5456AC00384438
49939 8 7 7 0 0 5456AC107C2810
49940 8 7 7 0 0 565656AEAEAE06
49941 8 7 7 0 0 5656AEAE007E02
49944 8 7 7 0 0 5656AEAE06407E
49948 8 7 7 0 0 5656AE7E1E607E
49956 8 7 7 0 0 5656AE007E427E
49957 8 7 7 0 0 5656AEAE427E7E
49960 8 7 7 0 0 5656AE00282854
49961 8 7 7 0 0 5656AE003C423C
49989 8 7 7 0 0 5654AE04384438
50024 8 7 7 0 0 525256AAAAAA02
50025 8 7 7 0 0 5256AAAA007E02
50028 8 7 7 0 0 5256AAAA02407E
50032 8 7 7 0 0 5256AA7E1E607E
50034 8 7 7 0 0 5256AA7E3A4A7E
50040 8 7 7 0 0 5256AA007E427E
50041 8 7 7 0 0 5256AAAA427E7E
50044 8 7 7 0 0 5256AA02282854
50045 8 7 7 0 0 5256AA003C423C
50052 8 7 7 0 0 565E56AEAEAE06
50056 8 7 7 0 0 5E56AEAE06407E
50060 8 7 7 0 0 5E56AE7E1E607E
50112 8 7 7 0 0 5E56AEAE06407E
50136 8 7 6 0 1 2828544410FE
50137 8 7 7 0 0 285410FE007C04
50140 8 7 7 0 0 285410FE00407C
50143 8 7 7 0 0 285410FE7C407C
50144 8 7 7 0 0 285410FE1C607C
50146 8 7 7 0 0 285410FE7C347C
50152 8 7 7 0 0 285410FE7C447C
50153 8 7 7 0 0 285410FE447C7C
50157 8 7 7 0 0 285410FE384438
50164 8 7 7 0 0 5454AC8E24FC04
50165 8 7 7 0 0 54AE24FC007C04
50168 8 7 7 0 0 54AC26FC04407C
50184 8 7 7 0 0 54AE24FC282854
50192 8 7 7 0 0 5656AE8E26FE06
50212 8 7 7 0 0 56AE26FE282854
50220 8 6 7 0 0 5454AC8C24FC04
50224 8 6 7 0 0 54AC24FC04407C
50228 8 6 7 0 0 54AC24FC1C607C
50236 8 6 7 0 0 54AC24FC7C447C
50237 8 6 7 0 0 54AC24FC447C7C
50248 8 7 6 0 1 2828540028FE
50276 8 7 7 0 0 28285400FE1010
50277 8 7 7 0 0 285400FE107C04
50280 8 7 7 0 0 285400FE10407C
50284 8 7 7 0 0 2854FE1078103C
50292 8 7 7 0 0 2854FE107C447C
50293 8 7 7 0 0 2854FE10447C7C
50297 8 7 7 0 0 2854FE10384438
50304 8 7 7 0 0 5252AA02FA2622
50324 8 7 7 0 0 52AAFA46282854
50332 8 7 7 0 0 5656AE06F62E26
50360 8 6 7 0 0 5454AC04FC2424
50364 8 6 7 0 0 54AC04FC24407C
50409 8 7 7 0 0 2854FE28384438
50416 8 7 6 0 1 2828545400FE
50417 8 7 7 0 0 285400FE007C04
50420 8 7 7 0 0 285400FE00407C
50424 8 7 7 0 0 285400FE1C607C
50426 8 7 7 0 0 285400FE3C547C
50431 8 7 7 0 0 285400FE344A74
50432 8 7 7 0 0 2854FE007C447C
50433 8 7 7 0 0 285400FE447C7C
50444 8 6 7 0 0 5454ACAC04FC04
50448 8 6 7 0 0 54AC04FC04407C
50452 8 6 7 0 0 54AC04FC1C607C
50460 8 6 7 0 0 54ACFC007C447C
50472 8 6 7 0 0 545454ACACAC04
50473 8 6 7 0 0 5454ACAC007C04
50476 8 6 7 0 0 5454ACAC04407C
50480 8 6 7 0 0 5454AC7C1C607C
50488 8 6 7 0 0 5454AC007C447C
50489 8 6 7 0 0 5454ACAC447C7C
50491 8 6 7 0 0 5454ACAC102844
50493 8 6 7 0 0 5454AC04384438
50500 8 7 7 0 0 64949496946404
50501 8 7 7 0 0 64969464007C04
50504 8 7 7 0 0 6494966404407C
50505 8 7 7 0 0 649694641C4874
50506 8 7 7 0 0 649694641E4A74
50508 8 7 7 0 0 6496647C1C607C
50509 8 7 7 0 0 6496647C344474
50510 8 7 7 0 0 6496647C34547C
50515 8 7 7 0 0 649664743E4A74
50516 8 7 7 0 0 649664007C447C
50517 8 7 7 0 0 64969464447C7C
50519 8 7 7 0 0 64969464102844
50520 8 7 7 0 0 64969464282854
50521 8 7 7 0 0 64966400384438
50525 8 7 7 0 0 6496647C78407C
50526 8 7 7 0 0 649664007C287C
50528 8 7 7 0 0 4AAAAAAEAA4A0A
50529 8 7 7 0 0 4AAEAA4A007E02
50532 8 7 7 0 0 4AAAAE4A0A407E
50536 8 7 7 0 0 6A9E6A7E1E607E
50544 8 7 7 0 0 6A9E6A007E427E
50545 8 7 7 0 0 6A9E6A00427E7E
50547 8 7 7 0 0 4AAEAA4A102844
50548 8 7 7 0 0 4AAEAA42282854
50549 8 7 7 0 0 6A9E6A003C423C
50556 8 7 7 0 0 64969494966404
50557 8 7 7 0 0 64969466047C04
50560 8 7 7 0 0 6496946604407C
50564 8 7 7 0 0 6694667C1C607C
50567 8 7 7 0 0 669466743C547C
50572 8 7 7 0 0 669466047C447C
50573 8 7 7 0 0 64969466447C7C
50575 8 7 7 0 0 64969466142844
50577 8 7 7 0 0 66946604384438
50581 8 7 7 0 0 6694667C78407C
50583 8 7 7 0 0 669466147C2810
50584 8 7 7 0 0 4AAEAAAAAE4A0A
50588 8 7 7 0 0 4AAEAA4E0A407E
50592 8 7 7 0 0 6E9A6E7A1E607E
50601 8 7 7 0 0 6E9A6E0A427E7E
50612 8 6 7 0 0 64949C94946404
50613 8 6 7 0 0 649C9464007C04
50616 8 6 7 0 0 649C946404407C
50617 8 6 7 0 0 649C94641C4874
50619 8 6 7 0 0 649C64007C407C
50620 8 6 7 0 0 649C647C1C607C
50621 8 6 7 0 0 649C647C344474
50622 8 6 7 0 0 649C647C34547C
50628 8 6 7 0 0 649C64007C447C
50629 8 6 7 0 0 649C9464447C7C
50630 8 7 7 0 0 649C946054747A
50631 8 6 7 0 0 649C9464102844
50632 8 6 7 0 0 649C9464282854
50633 8 6 7 0 0 649C6400384438
50634 8 6 7 0 0 649C64007C2844
50636 8 6 7 0 0 649C64007C3C04
50638 8 6 7 0 0 649C64007C287C
50640 8 7 7 0 0 4AAABAAAAA4A0A
50641 8 7 7 0 0 4ABAAA4A007E02
50644 8 7 7 0 0 4ABAAA4A0A407E
50648 8 7 7 0 0 4ABAAA7E1E607E
50656 8 7 7 0 0 4ABAAA4A7E427E
50657 8 7 7 0 0 4ABAAA4A427E7E
50659 8 7 7 0 0 4ABAAA4A102844
50661 8 7 7 0 0 4ABAAA4A3C423C
50668 8 6 7 0 0 649C949C946404
50669 8 6 7 0 0 649C946C047C04
50670 8 6 7 0 0 649C946C047C14
50672 8 6 7 0 0 649C946C04407C
50676 8 6 7 0 0 6C946C741C607C
50678 8 6 7 0 0 6C946C743C547C
50679 8 6 7 0 0 6C946C74345C7C
50684 8 6 7 0 0 6C946C047C447C
50685 8 6 7 0 0 649C946C447C7C
50686 8 7 7 0 0 649C946C54747A
50687 8 6 7 0 0 6C949C64102844
50688 8 6 7 0 0 6C949C64282854
50689 8 6 7 0 0 6C946C04384438
50693 8 6 7 0 0 6C946C7478407C
50694 8 6 7 0 0 6C946C047C287C
50695 8 6 7 0 0 6C946C147C2810
50696 8 7 7 0 0 4ABAAAAABA4A0A
50700 8 7 7 0 0 4ABAAA5A0A407E
50704 8 7 7 0 0 5AAABA6E1E607E
50712 8 7 7 0 0 5AAABA4A7E427E
50713 8 7 7 0 0 5AAABA4A427E7E
50715 8 7 7 0 0 5AAABA4A102844
50716 8 7 7 0 0 5AAABA4A282854
50724 8 7 6 0 1 3844443810FE
50725 8 7 7 0 0 384410FE007C04
50728 8 7 7 0 0 38443810FE407C
50732 8 7 7 0 0 384410FE1C607C
50733 8 7 7 0 0 384410FE3C4474
50734 8 7 7 0 0 384410FE3C547C
50736 8 7 7 0 0 384410FE34447A
50739 8 7 7 0 0 384410FE344A74
50740 8 7 7 0 0 384410FE7C447C
50741 8 7 7 0 0 384410FE447C7C
50743 8 7 7 0 0 38443810FE106C
50745 8 7 7 0 0 384410FE384438
50747 8 7 7 0 0 384410FE107C28
50752 8 7 7 0 0 6494946624FC04
50753 8 7 7 0 0 649624FC007C04
50756 8 7 7 0 0 64946624FC407C
50760 8 7 7 0 0 649624FC1C607C
50768 8 7 7 0 0 649624FC7C447C
50769 8 7 7 0 0 649624FC447C7C
50771 8 7 7 0 0 64946624FC106C
50772 8 7 7 0 0 64946624FC2854
50773 8 7 7 0 0 649624FC384438
50780 8 7 7 0 0 6A9A9A6E2AFA0A
50781 8 7 7 0 0 6A9A6E2AFA7E02
50784 8 7 7 0 0 6A9A6E2AFA407E
50796 8 7 7 0 0 6A9A6E2AFE427E
50799 8 7 7 0 0 6A9A6E2AFA106C
50801 8 7 7 0 0 6A9A6E2AFE423C
50808 8 6 7 0 0 6494946424FC04
50809 8 6 7 0 0 649424FC007C04
50812 8 6 7 0 0 64946424FC407C
50816 8 6 7 0 0 649424FC1C607C
50824 8 6 7 0 0 649424FC7C447C
50825 8 6 7 0 0 649424FC447C7C
50827 8 6 7 0 0 64946424FC106C
50829 8 6 7 0 0 649424FC384438
50836 8 7 6 0 1 3844443828FE
50837 8 7 7 0 0 384428FE007C04
50840 8 7 7 0 0 38443828FE407C
50844 8 7 7 0 0 384428FE1C607C
50852 8 7 7 0 0 384428FE7C447C
50853 8 7 7 0 0 384428FE447C7C
50855 8 7 7 0 0 38443828FE106C
50857 8 7 7 0 0 384428FE384438
50864 8 7 7 0 0 38443800FE1010
50865 8 7 7 0 0 384438FE107C04
50868 8 7 7 0 0 384438FE10407C
50872 8 7 7 0 0 3844FE1078103C
50873 8 7 7 0 0 3844FE107C2474
50874 8 7 7 0 0 3844FE107C347C
50880 8 7 7 0 0 3844FE107C447C
50881 8 7 7 0 0 3844FE10447C7C
50883 8 7 7 0 0 3844FE10102844
50885 8 7 7 0 0 3844FE10384438
50892 8 6 7 0 0 64946404F42C24
50893 8 6 7 0 0 649464F42C7C04
50896 8 6 7 0 0 649464F42C407C
50900 8 6 7 0 0 6494F42C78103C
50908 8 6 7 0 0 6494F42C7C447C
50909 8 6 7 0 0 6494F42C447C7C
50912 8 6 7 0 0 6494F44C282854
50913 8 6 7 0 0 6494F42C384438
50920 8 7 7 0 0 6A9A6A0AEA5A4A
50921 8 7 7 0 0 6A9A6AEA5A7E02
50924 8 7 7 0 0 6A9A6AEA5A407E
50928 8 7 7 0 0 6A9AEA5A7C183E
50936 8 7 7 0 0 6A9AEA5A7E427E
50937 8 7 7 0 0 6A9AEA5A427E7E
50941 8 7 7 0 0 6A9AEA5A3C423C
50948 8 6 7 0 0 64946404FC2424
50949 8 6 7 0 0 649464FC207C04
50952 8 6 7 0 0 649464FC24407C
50956 8 6 7 0 0 6494FC2478103C
50964 8 6 7 0 0 6494FC207C447C
50965 8 6 7 0 0 6494FC20447C7C
50967 8 6 7 0 0 6494FC24102844
50969 8 6 7 0 0 6494FC24384438
50976 8 7 7 0 0 38443800FE2828
50977 8 7 7 0 0 384438FE287C04
50980 8 7 7 0 0 384438FE28407C
50984 8 7 7 0 0 3844FE2878103C
50992 8 7 7 0 0 3844FE287C447C
50993 8 7 7 0 0 3844FE28447C7C
50995 8 7 7 0 0 3844FE28102844
50997 8 7 7 0 0 3844FE28384438
50999 8 7 7 0 0 3844FE28107C28
51004 8 7 6 0 1 3844443800FE
51005 8 7 7 0 0 384438FE007C04
51008 8 7 7 0 0 384438FE00407C
51012 8 7 7 0 0 384438FE1C607C
51018 8 7 7 0 0 384438FE3E547E
51020 8 7 7 0 0 3844FE007C447C
51021 8 7 7 0 0 384438FE447C7C
51023 8 7 7 0 0 384438FE102844
51025 8 7 7 0 0 3844FE00384438
51026 8 7 7 0 0 3844FE007C2844
51027 8 7 7 0 0 3844FE107C2844
51028 8 7 7 0 0 3844FE007C3C04
51029 8 7 7 0 0 384438FE78407C
51030 8 7 7 0 0 3844FE007C287C
51031 8 7 7 0 0 3844FE107C2810
51032 8 6 7 0 0 6494946404FC04
51036 8 6 7 0 0 64946404FC407C
51040 8 6 7 0 0 649464FC1C607C
51048 8 6 7 0 0 649464FC7C447C
51051 8 6 7 0 0 649464FC102844
51060 8 6 7 0 0 64949494946404
51061 8 6 7 0 0 64949464007C04
51064 8 6 7 0 0 6494946404407C
51068 8 6 7 0 0 6494647C1C607C
51069 8 6 7 0 0 6494647C344474
51070 8 6 7 0 0 6494647C34547C
51075 8 7 7 0 0 649464743E4A74
51076 8 6 7 0 0 649464007C447C
51077 8 6 7 0 0 64949464447C7C
51079 8 6 7 0 0 64949464102844
51080 8 6 7 0 0 64949464282854
51081 8 6 7 0 0 64946400384438
51082 8 6 7 0 0 649464007C2844
51086 8 6 7 0 0 649464007C287C
51088 8 7 7 0 0 FC242456548C04
51089 8 7 7 0 0 FC26548C007C04
51092 8 7 7 0 0 FC24568C04407C
51094 8 7 7 0 0 F46694045E4A74
51095 8 7 7 0 0 F46694007C407C
51096 8 7 7 0 0 F466947C1C607C
51098 8 7 7 0 0 F466947C34547C
51104 8 7 7 0 0 F46694007C447C
51105 8 7 7 0 0 F4669400447C7C
51107 8 7 7 0 0 F4669404102844
51108 8 7 7 0 0 F4669400282854
51109 8 7 7 0 0 F4669400384438
51110 8 7 7 0 0 F46694007C2844
51116 8 7 7 0 0 EA4A4AAEAAAA0A
51117 8 7 7 0 0 EA4EAAAA007E02
51120 8 7 7 0 0 EA4AAEAA0A407E
51124 8 7 7 0 0 EA4EAA7E1E607E
51132 8 7 7 0 0 EA4EAA007E427E
51133 8 7 7 0 0 EA4EAAAA427E7E
51135 8 7 7 0 0 EA4EAAAA102844
51136 8 7 7 0 0 EA4EAA00282854
51137 8 7 7 0 0 EA4EAA003C423C
51144 8 7 7 0 0 FC262454568C04
51145 8 7 7 0 0 FC26548E047C04
51148 8 7 7 0 0 FC26548E04407C
51150 8 7 7 0 0 F66496045E4A74
51152 8 7 7 0 0 F664967C1C607C
51160 8 7 7 0 0 F66496047C447C
51165 8 7 7 0 0 F6649604384438
51172 8 7 7 0 0 EA4E4AAAAEAA0A
51176 8 7 7 0 0 EA4EAAAE0A407E
51180 8 7 7 0 0 EE4AAE7A1E607E
51200 8 6 7 0 0 E4445CA4A4A404
51201 8 6 7 0 0 E45CA4A4007C04
51204 8 6 7 0 0 E45CA4A404407C
51208 8 6 7 0 0 F46C947C1C607C
51210 8 6 7 0 0 F46C947C34547C
51216 8 6 7 0 0 F46C94007C447C
51217 8 6 7 0 0 F46C9400447C7C
51219 8 6 7 0 0 E45CA4A4102844
51221 8 6 7 0 0 F46C9400384438
51222 8 6 7 0 0 F46C94007C2844
51228 8 7 7 0 0 EA4A5AAAAAAA0A
51229 8 7 7 0 0 EA5AAAAA007E02
51232 8 7 7 0 0 EA5AAAAA0A407E
51236 8 7 7 0 0 EA5AAA7E1E607E
51244 8 7 7 0 0 EA5AAA007E427E
51245 8 7 7 0 0 EA5AAAAA427E7E
51247 8 7 7 0 0 EA5AAAAA102844
51249 8 7 7 0 0 EA5AAA003C423C
51256 8 6 7 0 0 E45C44BCA4A404
51260 8 6 7 0 0 E44CA4AC04407C
51264 8 6 7 0 0 EC44AC741C607C
51272 8 6 7 0 0 EC44AC047C447C
51273 8 6 7 0 0 EC44ACA4447C7C
51276 8 6 7 0 0 EC44AC04282854
51277 8 6 7 0 0 EC44AC04384438
51284 8 7 7 0 0 EA5A4ABAAAAA0A
51312 8 7 6 0 1 7C10284410FE
51313 8 7 7 0 0 7C284410FE7C04
51316 8 7 7 0 0 7C284410FE407C
51320 8 7 7 0 0 7C2854FE1C607C
51322 8 7 7 0 0 7C2854FE7C347C
51328 8 7 7 0 0 7C2854FE7C447C
51329 8 7 7 0 0 7C2854FE447C7C
51331 8 7 7 0 0 7C284410FE106C
51333 8 7 7 0 0 7C284410FE4438
51334 8 7 7 0 0 7C2854FE7C2844
51335 8 7 7 0 0 7C2854FE107C28
51339 8 7 7 0 0 7C2854FE106C38
51340 8 7 7 0 0 FC24548E24FC04
51341 8 7 7 0 0 F4649624FC7C04
51348 8 7 7 0 0 FC56ACFC1C607C
51357 8 7 7 0 0 FC56ACFC447C7C
51359 8 7 7 0 0 F4649624FC106C
51361 8 7 7 0 0 F4649624FC4438
51368 8 7 7 0 0 EA4AAA0E4AFA0A
51388 8 7 7 0 0 EA4AAE4AFA2854
51389 8 7 7 0 0 EA4AAE4AFE423C
51396 8 6 7 0 0 FC24548C24FC04
51400 8 6 7 0 0 F4649424FC407C
51404 8 6 7 0 0 FC54ACFC1C607C
51412 8 6 7 0 0 F4649424FC447C
51413 8 6 7 0 0 FC54ACFC447C7C
51415 8 6 7 0 0 F4649424FC106C
51417 8 6 7 0 0 F4649424FC4438
51424 8 7 6 0 1 7C10284428FE
51425 8 7 7 0 0 7C284428FE7C04
51428 8 7 7 0 0 7C284428FE407C
51445 8 7 7 0 0 7C284428FE4438
51452 8 7 7 0 0 7C284400FE1010
51453 8 7 7 0 0 7C2844FE107C04
51456 8 7 7 0 0 7C2844FE10407C
51460 8 7 7 0 0 7C10EE1078103C
51461 8 7 7 0 0 7C10EE107C2474
51462 8 7 7 0 0 7C10EE107C347C
51468 8 7 7 0 0 7C2844FE107C7C
51469 8 7 7 0 0 7C2844FE547C7C
51471 8 7 7 0 0 7C2844FE10106C
51473 8 7 7 0 0 7C10EE10384438
51480 8 6 7 0 0 F4649404F42C24
51500 8 6 7 0 0 F46494F44C2854
51508 8 7 7 0 0 EA4AAA0AEA5A4A
51536 8 6 7 0 0 F4649404FC2424
51537 8 6 7 0 0 F46494FC207C04
51540 8 6 7 0 0 F46494FC24407C
51544 8 6 7 0 0 F464DC2478103C
51552 8 6 7 0 0 F464DC207C447C
51553 8 6 7 0 0 F424DC20447C7C
51555 8 6 7 0 0 F46494FC24106C
51564 8 7 7 0 0 7C284400FE2828
51568 8 7 7 0 0 7C2844FE28407C
51572 8 7 7 0 0 7C10EE2878103C
51580 8 7 7 0 0 7C10EE287C447C
51592 8 7 6 0 1 7C10284400FE
51593 8 7 7 0 0 7C2844FE007C04
51596 8 7 7 0 0 7C2844FE00407C
51600 8 7 7 0 0 7C2844FE1C607C
51608 8 7 7 0 0 7C2844FE7C447C
51609 8 7 7 0 0 7C2844FE447C7C
51611 8 7 7 0 0 7C2844FE102844
51613 8 7 7 0 0 7C2844FE384438
51648 8 6 7 0 0 FC242454548C04
51649 8 6 7 0 0 FC24548C007C04
51652 8 6 7 0 0 FC24548C04407C
51655 8 6 7 0 0 F46494007C407C
51656 8 6 7 0 0 F464947C1C607C
51658 8 6 7 0 0 F464947C34547C
51664 8 6 7 0 0 F46494007C447C
51665 8 6 7 0 0 F4649400447C7C
51667 8 6 7 0 0 F4649404102844
51669 8 6 7 0 0 F4649404384438
51670 8 6 7 0 0 F46494007C2844
51673 8 6 7 0 0 F464947C78407C
51674 8 6 7 0 0 F46494007C287C
51676 8 7 7 0 0 FC5454AEACAC04
51677 8 7 7 0 0 FC56ACAC007C04
51680 8 7 7 0 0 FC54AEAC04407C
51682 8 7 7 0 0 FC56AC045E4A74
51684 8 7 7 0 0 FC56AC7C1C607C
51687 8 7 7 0 0 FC56AC743C547C
51692 8 7 7 0 0 FC56AC007C447C
51693 8 7 7 0 0 FC56ACAC447C7C
51695 8 7 7 0 0 FC56ACAC102844
51696 8 7 7 0 0 FC56AC00282854
51697 8 7 7 0 0 FC56AC00384438
51704 8 7 7 0 0 FE5656AEAEAE06
51705 8 7 7 0 0 FE56AEAE007E02
51708 8 7 7 0 0 FE56AEAE06407E
51712 8 7 7 0 0 FE56AE7E1E607E
51720 8 7 7 0 0 FE56AE007E427E
51721 8 7 7 0 0 FE56AEAE427E7E
51723 8 7 7 0 0 FE56AEAE102844
51724 8 7 7 0 0 FE56AE06282854
51725 8 7 7 0 0 FE56AE003C423C
51732 8 7 7 0 0 FC5654ACAEAC04
51736 8 7 7 0 0 FC56ACAE04407C
51753 8 7 7 0 0 FE54AE04384438
51788 8 7 7 0 0 FA5256AAAAAA02
51789 8 7 7 0 0 FA56AAAA007E02
51792 8 7 7 0 0 FA56AAAA02407E
51796 8 7 7 0 0 FA56AA7E1E607E
51804 8 7 7 0 0 FA56AA007E427E
51805 8 7 7 0 0 FA56AAAA427E7E
51807 8 7 7 0 0 FA56AAAA102844
51808 8 7 7 0 0 FA56AA02282854
51809 8 7 7 0 0 FA56AA003C423C
51816 8 7 7 0 0 FE565E56AEAE06
51837 8 7 7 0 0 FE56AE003C423C
51844 8 7 7 0 0 FA5652AEAAAA02
51864 8 7 7 0 0 FA56AAAE022854
51900 8 7 6 0 1 7C28544410FE
51901 8 7 7 0 0 7C285410FE7C04
51904 8 7 7 0 0 7C285410FE407C
51908 8 7 7 0 0 7C2854FE1C607C
51916 8 7 7 0 0 7C285410FE447C
51917 8 7 7 0 0 7C2854FE447C7C
51919 8 7 7 0 0 7C285410FE106C
51921 8 7 7 0 0 7C285410FE4438
51923 8 7 7 0 0 7C2854FE107C28
51928 8 7 7 0 0 FC54AC8E24FC04
51929 8 7 7 0 0 FC54AE24FC7C04
51936 8 7 7 0 0 FC54AE24FC783C
51948 8 7 7 0 0 FC54AE24FC2854
51956 8 7 7 0 0 FE56AE8E26FE06
51976 8 7 7 0 0 FE56AE26FE2854
51984 8 6 7 0 0 FC54AC8C24FC04
51988 8 6 7 0 0 FC54AC24FC407C
51992 8 6 7 0 0 FC54ACFC1C607C
52000 8 6 7 0 0 FC54AC24FC447C
52001 8 6 7 0 0 FC54ACFC447C7C
52033 8 7 7 0 0 7C285428FE4438
52040 8 7 7 0 0 7C285400FE1010
52041 8 7 7 0 0 7C2854FE107C04
52044 8 7 7 0 0 7C2854FE10407C
52048 8 7 7 0 0 7C28D61078103C
52056 8 7 7 0 0 7C2854FE107C7C
52057 8 7 7 0 0 7C2854FE547C7C
52061 8 7 7 0 0 7C28D610384438
52068 8 7 7 0 0 FA52AA02FA2622
52088 8 7 7 0 0 FA52AAFA462854
52089 8 7 7 0 0 FA52AA263C423C
52124 8 6 7 0 0 FC54AC04FC2424
52152 8 7 7 0 0 7C285400FE2828
52180 8 7 6 0 1 7C28545400FE
52196 8 7 7 0 0 7C2854FE7C447C
52199 8 7 7 0 0 7C2854FE102844
52201 8 7 7 0 0 7C2854FE384438
52236 8 6 7 0 0 FC5454ACACAC04
52237 8 6 7 0 0 FC54ACAC007C04
52240 8 6 7 0 0 FC54ACAC04407C
52244 8 6 7 0 0 FC54AC7C1C607C
52252 8 6 7 0 0 FC54AC007C447C
52253 8 6 7 0 0 FC54ACAC447C7C
52257 8 6 7 0 0 FC54AC00384438
52258 8 6 7 0 0 FC54AC007C2844
52263 8 6 7 0 0 FC54AC107C2810
52264 8 7 7 0 0 7404FC26548C04
52265 8 7 7 0 0 44F46694007C04
52268 8 7 7 0 0 44F4669404407C
52270 8 7 7 0 0 44F46694044A74
52272 8 7 7 0 0 44F4669478103C
52280 8 7 7 0 0 44F466947C447C
52281 8 7 7 0 0 44F46694447C7C
52283 8 7 7 0 0 44F46694102844
52284 8 7 7 0 0 44F46694282854
52285 8 7 7 0 0 44F46694384438
52286 8 7 7 0 0 44F466947C2844
52292 8 7 7 0 0 EA0AEA4EAAAA0A
52293 8 7 7 0 0 4AEE4AAA007E02
52296 8 7 7 0 0 4AEA4EAA0A407E
52300 8 7 7 0 0 4AEA4EAA7C183E
52308 8 7 7 0 0 4AEA4EAA7E427E
52309 8 7 7 0 0 4AEA4EAA427E7E
52311 8 7 7 0 0 4AEA4EAA102844
52312 8 7 7 0 0 4AEA4EAA002854
52313 8 7 7 0 0 4AEA4EAA3C423C
52320 8 7 7 0 0 7404FE24568C04
52324 8 7 7 0 0 44F6649604407C
52326 8 7 7 0 0 44F66496044A74
52328 8 7 7 0 0 44F6649678103C
52336 8 7 7 0 0 44F664967C447C
52341 8 7 7 0 0 44F66496384438
52376 8 6 7 0 0 E404E45CA4A404
52377 8 6 7 0 0 44F46C94007C04
52380 8 6 7 0 0 44F46C9404407C
52384 8 6 7 0 0 44F46C9478103C
52392 8 6 7 0 0 44F46C947C447C
52393 8 6 7 0 0 44F46C94447C7C
52395 8 6 7 0 0 44F46C94102844
52396 8 6 7 0 0 44F46C94002854
52397 8 6 7 0 0 44F46C94384438
52404 8 7 7 0 0 EA0AEA5AAAAA0A
52405 8 7 7 0 0 4AEA5AAA007E02
52408 8 7 7 0 0 4AEA5AAA0A407E
52412 8 7 7 0 0 4AEA5AAA7C183E
52420 8 7 7 0 0 4AEA5AAA7E427E
52421 8 7 7 0 0 4AEA5AAA427E7E
52423 8 7 7 0 0 4AEA5AAA102844
52425 8 7 7 0 0 4AEA5AAA3C423C
52432 8 6 7 0 0 E404EC44ACA404
52436 8 6 7 0 0 44EC44AC04407C
52452 8 6 7 0 0 44EC44AC042854
52460 8 7 7 0 0 EA1AEA5AAAAA0A
52464 8 7 7 0 0 5AEA5AAA0A407E
52481 8 7 7 0 0 5AEA5AAA3E423C
52488 8 7 6 0 1 107C284410FE
52489 8 7 7 0 0 107C2854FE7C04
52492 8 7 7 0 0 107C2854FE407C
52496 8 7 7 0 0 107C2854FE783C
52504 8 7 7 0 0 107C2854FE447C
52505 8 7 7 0 0 107C2854C67C7C
52507 8 7 7 0 0 107C2854FE106C
52509 8 7 7 0 0 107C2854FE4438
52516 8 7 7 0 0 24FC548E24FC04
52520 8 7 7 0 0 24FC56ACFC407C
52524 8 7 7 0 0 24FC56ACFC783C
52537 8 7 7 0 0 24FC56ACFC4438
52572 8 6 7 0 0 24FC548C24FC04
52576 8 6 7 0 0 24FC54ACFC407C
52580 8 6 7 0 0 24FC54ACFC783C
52588 8 6 7 0 0 24FC54ACFC447C
52589 8 6 7 0 0 24FC54ACFC447C
52591 8 6 7 0 0 24FC54ACFC106C
52593 8 6 7 0 0 24FC54ACFC4438
52600 8 7 6 0 1 107C284428FE
52616 8 7 7 0 0 107C286CFE447C
52628 8 7 7 0 0 107C284400FE10
52629 8 7 7 0 0 107C6CFE107C04
52632 8 7 7 0 0 107C6CFE10407C
52636 8 7 7 0 0 107C6CFE10783C
52644 8 7 7 0 0 107C6CFE107C7C
52645 8 7 7 0 0 107C6CFE547C7C
52647 8 7 7 0 0 107C6CFE10106C
52649 8 7 7 0 0 107C6CFE104438
52656 8 6 7 0 0 24FC548CF42C24
52676 8 6 7 0 0 24F4D4F44C2854
52684 8 7 7 0 0 4AEA4AAAEA5A4A
52688 8 7 7 0 0 4AEAAAEA5A407E
52712 8 6 7 0 0 24FC548C04FC24
52716 8 6 7 0 0 24F4D4FC24407C
52720 8 6 7 0 0 24F4D4FC24783C
52728 8 6 7 0 0 24F4D4FC207C7C
52729 8 6 7 0 0 24F4D4FC20447C
52731 8 6 7 0 0 24F4D4FC24106C
52733 8 6 7 0 0 24F4D4FC204438
52740 8 7 7 0 0 107C284400FE28
52744 8 7 7 0 0 107C6CFE28407C
52748 8 7 7 0 0 107C6CFE28783C
52756 8 7 7 0 0 107C6CFE287C7C
52761 8 7 7 0 0 107C6CFE284438
52768 8 7 6 0 1 107C284400FE
52769 8 7 7 0 0 107C2844FE7C04
52772 8 7 7 0 0 107C2844FE407C
52776 8 7 7 0 0 107C6CFE1C607C
52784 8 7 7 0 0 107C2844FE447C
52785 8 7 7 0 0 107C6CFE447C7C
52787 8 7 7 0 0 107C2844FE106C
52789 8 7 7 0 0 107C2844FE4438
52824 8 6 7 0 0 7404FC24548C04
52825 8 6 7 0 0 44F46494007C04
52828 8 6 7 0 0 44F4649404407C
52831 8 6 7 0 0 44F464947C407C
52832 8 6 7 0 0 44F4649478103C
52833 8 6 7 0 0 44F464947C2474
52840 8 6 7 0 0 44F464947C447C
52841 8 6 7 0 0 44F46494447C7C
52843 8 6 7 0 0 44F46494102844
52845 8 6 7 0 0 44F46494384438
52852 8 7 7 0 0 E424E426448404
52853 8 7 7 0 0 F47624C4007C04
52856 8 7 7 0 0 F47426C404407C
52860 8 7 7 0 0 F47624C478103C
52868 8 7 7 0 0 F47624C47C447C
52869 8 7 7 0 0 F47624C4447C7C
52871 8 7 7 0 0 F47624C4102844
52873 8 7 7 0 0 F47624C4384438
52880 8 7 7 0 0 EA2AEA2E4A8A0A
52881 8 7 7 0 0 EA6E2ACA007E02
52884 8 7 7 0 0 EA6A2ECA0A407E
52888 8 7 7 0 0 EA6E2ACA7C183E
52896 8 7 7 0 0 EA6E2ACA7E427E
52897 8 7 7 0 0 EA6E2ACA427E7E
52899 8 7 7 0 0 EA6E2ACA102844
52900 8 7 7 0 0 EA6E2AC2282854
52901 8 7 7 0 0 EA6E2ACA3C423C
52908 8 7 7 0 0 E426E424468404
52909 8 7 7 0 0 F47624C6047C04
52929 8 7 7 0 0 F47624C6384438
52964 8 6 7 0 0 E424FC24448404
52965 8 6 7 0 0 F47C24C4007C04
52968 8 6 7 0 0 F47C24C404407C
52971 8 6 7 0 0 F47C24C47C407C
52972 8 6 7 0 0 F47C24C478103C
52980 8 6 7 0 0 F47C24C47C447C
52981 8 6 7 0 0 F47C24C4447C7C
52983 8 6 7 0 0 F47C24C4102844
52984 8 6 7 0 0 F47C24C4282854
52985 8 6 7 0 0 F47C24C4384438
52992 8 7 7 0 0 EA2AFA2A4A8A0A
52993 8 7 7 0 0 EA7A2ACA007E02
52996 8 7 7 0 0 EA7A2ACA0A407E
53000 8 7 7 0 0 EA7A2ACA7C183E
53008 8 7 7 0 0 EA7A2ACA7E427E
53009 8 7 7 0 0 EA7A2ACA427E7E
53011 8 7 7 0 0 EA7A2ACA102844
53013 8 7 7 0 0 EA7A2ACA3C423C
53020 8 6 7 0 0 E43CE43C448404
53024 8 6 7 0 0 F47C24CC04407C
53028 8 6 7 0 0 FC742CC478103C
53036 8 6 7 0 0 FC742CC47C407C
53037 8 6 7 0 0 F47C24CC447C7C
53039 8 6 7 0 0 FC742CC4102844
53040 8 6 7 0 0 FC742CC4282854
53041 8 6 7 0 0 FC742CC4384438
53048 8 7 7 0 0 EA3AEA2A5A8A0A
53076 8 7 6 0 1 7C047C1410FE
53077 8 7 7 0 0 7C3C14FE007C04
53080 8 7 7 0 0 7C3C14FE00407C
53084 8 7 7 0 0 7C3C14FE1C607C
53092 8 7 7 0 0 7C3C14FE7C447C
53093 8 7 7 0 0 7C3C14FE447C7C
53095 8 7 7 0 0 7C3C14FE102844
53097 8 7 7 0 0 7C3C14FE384438
53104 8 7 7 0 0 F414F45644FC04
53105 8 7 7 0 0 F47654FC007C04
53108 8 7 7 0 0 F47456FC04407C
53112 8 7 7 0 0 F47654FC1C607C
53120 8 7 7 0 0 F47654FC7C447C
53125 8 7 7 0 0 F47654FC384438
53132 8 7 7 0 0 EA2AEA2E4AFA0A
53153 8 7 7 0 0 EA6E2AFA3C423C
53160 8 6 7 0 0 F414F45444FC04
53168 8 6 7 0 0 F47454FC1C607C
53188 8 7 6 0 1 7C047C0428FE
53216 8 7 7 0 0 7C047C04FE1010
53217 8 7 7 0 0 7C3C04FE107C04
53220 8 7 7 0 0 7C3C04FE10407C
53224 8 7 7 0 0 7C3CFE1078103C
53232 8 7 7 0 0 7C3C04FE107C7C
53233 8 7 7 0 0 7C3C04FE547C7C
53235 8 7 7 0 0 7C3C04FE10106C
53237 8 7 7 0 0 7C3CFE10384438
53244 8 6 7 0 0 F414F414F42C24
53248 8 6 7 0 0 F47414F42C407C
53252 8 6 7 0 0 F474F42C78103C
53265 8 6 7 0 0 F474F42C384438
53272 8 7 7 0 0 EA2AEA2AEA5A4A
53293 8 7 7 0 0 EA6AEA5A3C423C
53300 8 6 7 0 0 F414F414FC2424
53301 8 6 7 0 0 F47414FC207C04
53304 8 6 7 0 0 F47414FC24407C
53308 8 6 7 0 0 F474FC2478103C
53316 8 6 7 0 0 F474FC207C447C
53317 8 6 7 0 0 F474FC20447C7C
53319 8 6 7 0 0 F47414FC24106C
53321 8 6 7 0 0 F474FC24384438
53328 8 7 7 0 0 7C047C04FE2828
53332 8 7 7 0 0 7C3C04FE28407C
53336 8 7 7 0 0 7C3CFE2878103C
53344 8 7 7 0 0 7C3C04FE287C7C
53356 8 7 6 0 1 7C047C0400FE
53357 8 7 7 0 0 7C3C04FE007C04
53360 8 7 7 0 0 7C3C04FE00407C
53364 8 7 7 0 0 7C3C04FE1C607C
53372 8 7 7 0 0 7C3C04FE7C447C
53373 8 7 7 0 0 7C3C04FE447C7C
53377 8 7 7 0 0 7C3C04FE384438
53412 8 6 7 0 0 E424E424448404
53413 8 6 7 0 0 F47424C4007C04
53416 8 6 7 0 0 F47424C404407C
53420 8 6 7 0 0 F47424C478103C
53428 8 6 7 0 0 F47424C47C447C
53429 8 6 7 0 0 F47424C4447C7C
53431 8 6 7 0 0 F47424C4102844
53433 8 6 7 0 0 F47424C4384438
53440 8 7 7 0 0 F484F48684F404
53441 8 7 7 0 0 F4E684F4007C04
53444 8 7 7 0 0 F4E486F404407C
53448 8 7 7 0 0 F4E684FC1C607C
53449 8 7 7 0 0 F4E684F43C4474
53456 8 7 7 0 0 F4E684F47C447C
53457 8 7 7 0 0 F4E684F4447C7C
53459 8 7 7 0 0 F4E684F4102844
53460 8 7 7 0 0 F4E684F4282854
53461 8 7 7 0 0 F4E684F4384438
53468 8 7 7 0 0 EA8AEA8E8AEA0A
53469 8 7 7 0 0 EACE8AEA007E02
53472 8 7 7 0 0 EACA8EEA0A407E
53476 8 7 7 0 0 EACE8AFE1E607E
53484 8 7 7 0 0 EACE8AEA7E427E
53485 8 7 7 0 0 EACE8AEA427E7E
53487 8 7 7 0 0 EACE8AEA102844
53488 8 7 7 0 0 EACE8AE2282854
53489 8 7 7 0 0 EACE8AEA3C423C
53496 8 7 7 0 0 F486F48486F404
53517 8 7 7 0 0 F4E684F6384438
53552 8 6 7 0 0 F484EC8484F404
53553 8 6 7 0 0 F4EC84F4007C04
53556 8 6 7 0 0 F4EC84F404407C
53560 8 6 7 0 0 F4EC84FC1C607C
53562 8 6 7 0 0 F4EC84F43C547C
53568 8 6 7 0 0 F4EC84F47C447C
53569 8 6 7 0 0 F4EC84F4447C7C
53571 8 6 7 0 0 F4EC84F4102844
53572 8 6 7 0 0 F4EC84F4282854
53573 8 6 7 0 0 F4EC84F4384438
53580 8 7 7 0 0 EA8AEA9A8AEA0A
53581 8 7 7 0 0 EADA8AEA007E02
53584 8 7 7 0 0 EADA8AEA0A407E
53588 8 7 7 0 0 EADA8AFE1E607E
53596 8 7 7 0 0 EADA8AEA7E427E
53597 8 7 7 0 0 EADA8AEA427E7E
53599 8 7 7 0 0 EADA8AEA102844
53601 8 7 7 0 0 EADA8AEA3C423C
53608 8 6 7 0 0 F48CF48C84F404
53612 8 6 7 0 0 F4EC8CF404407C
53628 8 6 7 0 0 F4EC8CF4282854
53636 8 7 7 0 0 EA9AEA9A8AEA0A
53640 8 7 7 0 0 EADA9AEA0A407E
53664 8 7 6 0 1 7C78407C10FE
53665 8 7 7 0 0 7C787C10FE7C04
53668 8 7 7 0 0 7C787C10FE407C
53672 8 7 7 0 0 7C7810FE1C607C
53680 8 7 7 0 0 7C787C10FE447C
53681 8 7 7 0 0 7C7810FE447C7C
53683 8 7 7 0 0 7C787C10FE106C
53685 8 7 7 0 0 7C787C10FE4438
53690 8 7 7 0 0 7C7810FE7C287C
53692 8 7 7 0 0 F4E484F624FC04
53696 8 7 7 0 0 F4E4F624FC407C
53720 8 7 7 0 0 EACA8AEE4AFA0A
53748 8 6 7 0 0 F4E484F424FC04
53752 8 6 7 0 0 F4E4F424FC407C
53767 8 6 7 0 0 F4E4F424FC106C
53769 8 6 7 0 0 F4E4F424FC4438
53776 8 7 6 0 1 7C78407C28FE
53804 8 7 7 0 0 7C78407C00FE10
53805 8 7 7 0 0 7C7840FE107C04
53808 8 7 7 0 0 7C7840FE10407C
53812 8 7 7 0 0 7C78FE1078103C
53820 8 7 7 0 0 7C7840FE107C7C
53821 8 7 7 0 0 7C7840FE547C7C
53823 8 7 7 0 0 7C7840FE10106C
53825 8 7 7 0 0 7C78FE10384438
53832 8 6 7 0 0 F4E484F4F42C24
53852 8 6 7 0 0 746444F44C2854
53860 8 7 7 0 0 EACAEA0AEA5A4A
53888 8 6 7 0 0 F4E484F404FC24
53889 8 6 7 0 0 746444FC207C04
53892 8 6 7 0 0 746444FC24407C
53896 8 6 7 0 0 7464FC2478103C
53904 8 6 7 0 0 7464FC207C447C
53905 8 6 7 0 0 7464FC20447C7C
53909 8 6 7 0 0 7464FC24384438
53916 8 7 7 0 0 7C78407C00FE28
53920 8 7 7 0 0 7C7840FE28407C
53924 8 7 7 0 0 7C78FE2878103C
53932 8 7 7 0 0 7C7840FE287C7C
53937 8 7 7 0 0 7C78FE28384438
53944 8 7 6 0 1 7C78407C00FE
53945 8 7 7 0 0 7C7840FE007C04
53948 8 7 7 0 0 7C7840FE00407C
53951 8 7 7 0 0 7C7840FE7C407C
53952 8 7 7 0 0 7C7840FE1C607C
53954 8 7 7 0 0 7C7840FE3C547C
53960 8 7 7 0 0 7C7840FE7C447C
53961 8 7 7 0 0 7C7840FE447C7C
53963 8 7 7 0 0 7C7840FE102844
53972 8 6 7 0 0 F4E484F404FC04
53976 8 6 7 0 0 746444FC04407C
53980 8 6 7 0 0 746444FC1C607C
53988 8 6 7 0 0 746444FC7C447C
53989 8 6 7 0 0 746444FC447C7C
54000 8 6 7 0 0 F484F48484F404
54001 8 6 7 0 0 F4E484F4007C04
54004 8 6 7 0 0 F4E484F404407C
54008 8 6 7 0 0 F4E484FC1C607C
54016 8 6 7 0 0 F4E484F47C447C
54017 8 6 7 0 0 F4E484F4447C7C
54019 8 6 7 0 0 F4E484F4102844
54021 8 6 7 0 0 F4E484F4384438
54028 8 7 7 0 0 F464646664F404
54029 8 7 7 0 0 F46664F4007C04
54030 8 7 7 0 0 F46664F4007C14
54032 8 7 7 0 0 F46466F404407C
54036 8 7 7 0 0 F466F47C1C607C
54038 8 7 7 0 0 F466F47C34547C
54044 8 7 7 0 0 F466F4007C447C
54045 8 7 7 0 0 F46664F4447C7C
54047 8 7 7 0 0 F46664F4102844
54048 8 7 7 0 0 F46664F4282854
54049 8 7 7 0 0 F466F400384438
54053 8 7 7 0 0 F466F47C78407C
54056 8 7 7 0 0 FA6A6A6E6AFA0A
54057 8 7 7 0 0 FA6E6AFA007E02
54060 8 7 7 0 0 FA6A6EFA0A407E
54064 8 7 7 0 0 FA6EFA7E1E607E
54072 8 7 7 0 0 FA6EFA007E427E
54073 8 7 7 0 0 FA6E6AFA427E7E
54075 8 7 7 0 0 FA6E6AFA102844
54076 8 7 7 0 0 FA6E6AFA282854
54077 8 7 7 0 0 FA6EFA003C423C
54084 8 7 7 0 0 F466646466F404
54085 8 7 7 0 0 F46664F6047C04
54140 8 6 7 0 0 F4646C6464F404
54141 8 6 7 0 0 F46C64F4007C04
54144 8 6 7 0 0 F46C64F404407C
54148 8 6 7 0 0 F46CF47C1C607C
54156 8 6 7 0 0 F46CF4007C447C
54157 8 6 7 0 0 F46C64F4447C7C
54159 8 6 7 0 0 F46C64F4102844
54160 8 6 7 0 0 F46C64F4282854
54161 8 6 7 0 0 F46CF400384438
54168 8 7 7 0 0 FA6A7A6A6AFA0A
54169 8 7 7 0 0 F66E66F6007E02
54172 8 7 7 0 0 F66E66F606407E
54176 8 7 7 0 0 F66EF67E1E607E
54184 8 7 7 0 0 F66EF6007E427E
54185 8 7 7 0 0 F66E66F6427E7E
54187 8 7 7 0 0 F66E66F6102844
54189 8 7 7 0 0 F66EF6003C423C
54196 8 6 7 0 0 F46C646C64F404
54200 8 6 7 0 0 F46C6CF404407C
54204 8 6 7 0 0 F46CFC741C607C
54212 8 6 7 0 0 F46CFC047C447C
54213 8 6 7 0 0 F46C6CF4447C7C
54216 8 6 7 0 0 F46C6CF4282854
54217 8 6 7 0 0 F46CFC04384438
54224 8 7 7 0 0 FA6A7A7A6AFA0A
54232 8 7 7 0 0 F66EFE761E607E
54241 8 7 7 0 0 F66E6EF6427E7E
54243 8 7 7 0 0 F66E6EF6102844
54252 8 7 6 0 1 7C28287C10FE
54253 8 7 7 0 0 7C287C10FE7C04
54256 8 7 7 0 0 7C287C10FE407C
54260 8 7 7 0 0 7C2810FE1C607C
54268 8 7 7 0 0 7C287C10FE447C
54269 8 7 7 0 0 7C287C10C67C7C
54271 8 7 7 0 0 7C287C10FE106C
54273 8 7 7 0 0 7C287C10FE4438
54280 8 7 7 0 0 F46464F624FC04
54301 8 7 7 0 0 F464F624FC4438
54336 8 6 7 0 0 F46464F424FC04
54340 8 6 7 0 0 F464F424FC407C
54364 8 7 6 0 1 7C28287C28FE
54368 8 7 7 0 0 7C287C28FE407C
54372 8 7 7 0 0 7C2828FE1C607C
54381 8 7 7 0 0 7C287C28C67C7C
54383 8 7 7 0 0 7C287C28FE106C
54392 8 7 7 0 0 7C287C00FE1010
54393 8 7 7 0 0 7C287CFE107C04
54396 8 7 7 0 0 7C287CFE10407C
54399 8 7 7 0 0 7C28FE107C407C
54400 8 7 7 0 0 7C28FE1078103C
54402 8 7 7 0 0 7C28FE107C347C
54408 8 7 7 0 0 7C28FE107C447C
54409 8 7 7 0 0 7C28FE10447C7C
54411 8 7 7 0 0 7C287CFE10106C
54413 8 7 7 0 0 7C28FE10384438
54420 8 6 7 0 0 F464F404F42C24
54441 8 6 7 0 0 F464F42C384438
54476 8 6 7 0 0 F464F404FC2424
54480 8 6 7 0 0 F464F4FC24407C
54484 8 6 7 0 0 F464FC2478103C
54492 8 6 7 0 0 F464F4207C447C
54495 8 6 7 0 0 F464F4FC24106C
54504 8 7 7 0 0 7C287C00FE2828
54508 8 7 7 0 0 7C287CFE28407C
54512 8 7 7 0 0 7C28FE2878103C
54520 8 7 7 0 0 7C28FE287C447C
54523 8 7 7 0 0 7C287CFE28106C
54525 8 7 7 0 0 7C28FE28384438
54532 8 7 6 0 1 7C28287C00FE
54536 8 7 7 0 0 7C287C00FE407C
54540 8 7 7 0 0 7C28FE7C1C607C
54548 8 7 7 0 0 7C287CFE7C447C
54549 8 7 7 0 0 7C287CFE447C7C
54551 8 7 7 0 0 7C287CFE102844
54588 8 6 7 0 0 F464646464F404
54589 8 6 7 0 0 F46464F4007C04
54592 8 6 7 0 0 F46464F404407C
54596 8 6 7 0 0 F464F47C1C607C
54604 8 6 7 0 0 F464F4007C447C
54605 8 6 7 0 0 F46464F4447C7C
54607 8 6 7 0 0 F46464F4102844
54609 8 6 7 0 0 F464F400384438
54616 8 7 7 0 0 44F40466946404
54617 8 7 7 0 0 44FC9664007C04
54620 8 7 7 0 0 44FC966404407C
54624 8 7 7 0 0 44FC967C1C607C
54629 8 7 7 0 0 44FC96743C587C
54632 8 7 7 0 0 44FC96647C447C
54633 8 7 7 0 0 44FC9664447C7C
54635 8 7 7 0 0 44FC9664102844
54637 8 7 7 0 0 44FC9664384438
54644 8 7 7 0 0 4AFA0A6E9A6A0A
54645 8 7 7 0 0 4AFA9E6A007E02
54648 8 7 7 0 0 4AFA9E6A0A407E
54652 8 7 7 0 0 4AFE9A7E1E607E
54660 8 7 7 0 0 4AFA9E6A7E427E
54661 8 7 7 0 0 4AFA9E6A427E7E
54663 8 7 7 0 0 4AFA9E6A102844
54664 8 7 7 0 0 4AFA9E6A282854
54665 8 7 7 0 0 4AFA9E6A3C423C
54672 8 7 7 0 0 44F40664966404
54693 8 7 7 0 0 44FE9466384438
54728 8 6 7 0 0 44F4046C946404
54729 8 6 7 0 0 44F49C64007C04
54732 8 6 7 0 0 44F49C6404407C
54736 8 6 7 0 0 44F49C741C607C
54738 8 6 7 0 0 44F49C743C547C
54744 8 6 7 0 0 44F49C647C447C
54745 8 6 7 0 0 44F49C64447C7C
54747 8 6 7 0 0 44F49C64102844
54749 8 6 7 0 0 44F49C64384438
54756 8 7 7 0 0 4AEA4ABAAA4A0A
54757 8 7 7 0 0 4AEABA4A007E02
54760 8 7 7 0 0 4AEABA4A0A407E
54764 8 7 7 0 0 4AFAAA7E1E607E
54772 8 7 7 0 0 4AEABA4A7E427E
54773 8 7 7 0 0 4AEABA4A427E7E
54775 8 7 7 0 0 4AEABA4A102844
54777 8 7 7 0 0 4AEABA4A3C423C
54784 8 6 7 0 0 44F40C649C6404
54785 8 6 7 0 0 44FC946C047C04
54788 8 6 7 0 0 44FC946C04407C
54792 8 6 7 0 0 4CF49C741C607C
54800 8 6 7 0 0 4CF49C647C447C
54801 8 6 7 0 0 44FC946C447C7C
54803 8 6 7 0 0 44FC946C142844
54804 8 6 7 0 0 44FC946C042854
54805 8 6 7 0 0 4CF49C64384438
54812 8 7 7 0 0 4AEA5AAABA4A0A
54816 8 7 7 0 0 4AFAAA5A0A407E
54820 8 7 7 0 0 5AEABA6E1E607E
54829 8 7 7 0 0 4AFAAA5A427E7E
54840 8 7 6 0 1 10FE443810FE
54841 8 7 7 0 0 10EE7C10FE7C04
54844 8 7 7 0 0 10EE7C10FE407C
54848 8 7 7 0 0 10EE7C10FE783C
54853 8 7 7 0 0 10EE7C10FE6C3E
54856 8 7 7 0 0 10EE7C10FE447C
54857 8 7 7 0 0 10EE7C10FE447C
54859 8 7 7 0 0 10EE7C10FE106C
54861 8 7 7 0 0 10EE7C10FE4438
54865 8 7 7 0 0 10EE7C10FE787C
54868 8 7 7 0 0 44FC946624FC04
54869 8 7 7 0 0 24DC7624FC7C04
54872 8 7 7 0 0 24DC7624FC407C
54876 8 7 7 0 0 24DC7624FC783C
54887 8 7 7 0 0 24DC7624FC106C
54889 8 7 7 0 0 24DC7624FC4438
54896 8 7 7 0 0 4AFA9A6E4AFA0A
54897 8 7 7 0 0 4AFA6E2AFA7E02
54900 8 7 7 0 0 4AFA6E2AFA407E
54915 8 7 7 0 0 4AFA6E2AFA106C
54917 8 7 7 0 0 4AFA6E2AFE423C
54924 8 6 7 0 0 44FC946424FC04
54925 8 6 7 0 0 24DC7424FC7C04
54928 8 6 7 0 0 24DC7424FC407C
54932 8 6 7 0 0 24DC7424FC783C
54941 8 6 7 0 0 24DC7424FC447C
54943 8 6 7 0 0 24DC7424FC106C
54945 8 6 7 0 0 24DC7424FC4438
54952 8 7 6 0 1 10FE443828FE
54956 8 7 7 0 0 10EE7C28FE407C
54960 8 7 7 0 0 10EE7C28FE783C
54969 8 7 7 0 0 10EE7C28FE447C
54971 8 7 7 0 0 10EE7C28FE106C
54980 8 7 7 0 0 10FE443800FE10
54981 8 7 7 0 0 10FE44FE107C04
54984 8 7 7 0 0 10FE44FE10407C
54988 8 7 7 0 0 10FE44FE10783C
54993 8 7 7 0 0 10FE44FE106C3E
54996 8 7 7 0 0 10FE44FE107C7C
54999 8 7 7 0 0 10FE44FE10106C
55001 8 7 7 0 0 10FE44FE104438
55008 8 6 7 0 0 24FC9464F42C24
55012 8 6 7 0 0 24FC54F42C407C
55016 8 6 7 0 0 24FC54F42C783C
55024 8 6 7 0 0 24FC54FC2C7C7C
55029 8 6 7 0 0 24FC54F42C4438
55036 8 7 7 0 0 4AFA9A6AEA5A4A
55037 8 7 7 0 0 4AFA6AEA5A7E02
55040 8 7 7 0 0 4AFA6AEA5A407E
55044 8 7 7 0 0 4AFA6AEA5A7C3E
55057 8 7 7 0 0 4AFA6AEA5E423C
55064 8 6 7 0 0 44FC946404FC24
55065 8 6 7 0 0 24FC54FC207C04
55068 8 6 7 0 0 24FC54FC24407C
55072 8 6 7 0 0 24FC54FC24783C
55080 8 6 7 0 0 24FC54FC7C447C
55081 8 6 7 0 0 24FC54FC547C7C
55083 8 6 7 0 0 24FC54FC24106C
55085 8 6 7 0 0 24FC54FC384438
55092 8 7 7 0 0 10FE443800FE28
55093 8 7 7 0 0 10FE44FE287C04
55096 8 7 7 0 0 10FE44FE28407C
55100 8 7 7 0 0 10FE44FE28783C
55108 8 7 7 0 0 10FE44FE287C7C
55111 8 7 7 0 0 10FE44FE28106C
55113 8 7 7 0 0 10FE44FE284438
55120 8 7 6 0 1 10FE443800FE
55121 8 7 7 0 0 10FE4438FE7C04
55124 8 7 7 0 0 10FE4438FE407C
55126 8 7 7 0 0 10FE4438FE4A74
55127 8 7 7 0 0 10FE44FE7C407C
55128 8 7 7 0 0 10FE44FE1C607C
55129 8 7 7 0 0 10FE44FE3C4474
55136 8 7 7 0 0 10FE4438FE447C
55137 8 7 7 0 0 10FE44FE447C7C
55139 8 7 7 0 0 10FE4438FE106C
55141 8 7 7 0 0 10FE4438FE4438
55145 8 7 7 0 0 10FE44FE78407C
55148 8 6 7 0 0 44FC946404FC04
55152 8 6 7 0 0 24FC9464FC407C
55156 8 6 7 0 0 24FC54FC1C607C
55164 8 6 7 0 0 24FC54FC7C447C
55165 8 6 7 0 0 24FC54FC447C7C
55169 8 6 7 0 0 44FC9464FC4438
55176 8 6 7 0 0 44F40464946404
55177 8 6 7 0 0 44FC9464007C04
55180 8 6 7 0 0 44FC946404407C
55184 8 6 7 0 0 44FC947C1C607C
55192 8 6 7 0 0 44FC94647C447C
55193 8 6 7 0 0 44FC9464447C7C
55195 8 6 7 0 0 44FC9464102844
55197 8 6 7 0 0 44FC9464384438
